3 5 6 6 7 8 9 5 6 7 9 5 3 2 1 2 6 7 9 8 7 5 6 8 9 9 7 6 6 5 1 0 1 3 6 7 9 3 2 9 8 7 6 4 0 4 5 6 8 9 9 9 8 8 4 5 6 8 9 1 0 2 4 9 7 9 8 6 8 9 9 2 1 9 8 9 7 8 9 9 9 0 1 3 4 5 7 8 9 2 3 5 5 7 8 9 9 7 6 7
2 6 7 5 8 9 5 4 5 6 8 9 4 3 3 4 5 9 8 7 6 4 9 9 9 8 6 5 4 3 2 1 2 4 5 6 7 9 1 9 9 9 5 3 2 3 7 8 9 4 9 8 7 6 5 7 7 9 9 9 1 9 9 8 6 5 4 5 7 8 8 9 9 7 6 6 6 7 8 9 8 1 2 4 5 6 7 8 9 1 2 3 4 6 7 8 9 6 5 6
1 2 3 4 9 9 6 3 4 5 7 8 9 4 4 5 6 7 9 9 8 9 8 9 9 9 7 6 5 4 3 5 3 4 6 7 8 9 9 8 9 9 9 4 6 4 5 6 9 3 2 9 8 7 6 8 9 9 9 8 9 8 9 7 6 4 3 6 5 9 7 8 9 9 5 4 5 6 9 8 7 6 4 5 6 8 9 9 1 0 1 2 3 7 8 9 1 2 3 5
0 1 2 5 6 7 9 2 3 4 5 7 9 6 5 9 7 8 9 9 9 8 7 8 9 9 8 8 7 5 4 7 5 5 8 8 9 7 6 7 8 9 8 9 6 5 6 7 8 9 1 2 9 8 7 9 9 8 9 7 6 7 9 9 5 3 2 3 4 5 6 8 9 8 2 3 6 7 8 9 8 6 5 6 7 9 8 4 3 5 2 3 4 6 9 3 2 9 9 6
2 3 3 6 7 9 8 9 4 5 6 8 9 8 6 7 8 9 4 9 8 7 6 7 9 7 9 8 7 6 8 8 8 7 9 9 8 6 5 4 9 6 7 8 9 9 8 8 9 9 2 3 4 9 8 9 8 7 6 5 4 6 7 8 9 9 0 1 6 7 8 9 9 7 6 4 7 8 9 9 9 8 9 8 8 9 7 5 4 4 3 4 5 7 8 9 9 8 8 9
3 5 7 8 9 8 7 9 9 9 7 9 5 9 7 8 9 3 2 9 7 6 5 8 9 6 5 9 8 7 9 9 9 8 9 9 9 5 4 3 4 5 6 7 9 9 9 9 9 8 9 4 9 8 9 9 9 8 5 4 3 4 5 7 7 8 9 2 7 8 9 9 9 8 7 6 7 9 9 9 8 9 6 9 9 8 7 6 5 9 5 6 6 7 9 8 9 6 7 9
4 5 6 9 8 7 6 7 8 8 9 5 4 3 9 9 9 9 9 7 6 5 4 7 9 6 4 5 9 9 0 2 3 9 9 9 8 7 5 4 8 9 9 8 9 9 9 9 8 7 8 9 8 7 8 9 8 7 6 3 2 3 4 5 6 7 8 9 8 9 9 9 8 9 9 8 9 9 9 8 7 6 5 4 3 9 9 7 9 8 9 8 7 9 8 7 6 5 6 8
5 8 7 9 8 5 4 5 6 7 8 9 4 1 2 3 9 8 9 8 9 7 5 6 8 9 2 4 9 2 1 6 7 8 9 1 9 9 9 5 7 9 9 9 9 8 9 9 9 6 9 9 8 6 9 8 6 5 4 2 1 2 3 4 5 8 9 1 9 9 9 9 7 8 2 9 8 9 9 9 9 8 7 3 2 1 0 9 8 7 8 9 9 7 6 5 4 3 4 7
6 9 9 8 6 4 2 4 5 8 9 6 3 2 3 9 8 7 6 9 9 8 7 7 9 2 1 9 7 9 3 5 9 9 9 3 9 8 7 6 7 8 9 3 9 7 6 8 9 5 6 9 6 5 4 9 9 7 6 4 2 3 4 5 6 9 1 0 1 9 8 7 5 2 1 5 6 8 9 3 4 9 8 8 3 3 1 9 7 6 8 9 9 8 7 6 5 6 5 6
8 9 9 9 8 4 3 5 7 9 6 5 4 5 6 9 7 6 5 7 8 9 8 9 9 9 9 8 6 8 9 9 7 8 8 9 9 9 9 7 8 9 9 4 9 8 5 3 4 4 5 8 9 3 2 3 9 8 5 4 3 4 5 6 7 8 9 2 2 9 7 6 4 3 0 3 4 7 8 9 5 9 7 6 5 4 9 8 7 5 7 8 8 9 8 7 6 7 6 7
9 9 9 9 9 5 4 6 7 8 9 7 5 8 7 8 9 7 4 5 6 7 9 8 9 8 7 6 5 6 8 3 5 6 7 8 9 2 4 9 9 8 8 9 8 7 6 2 1 2 6 7 8 9 1 3 9 7 6 8 6 5 6 7 8 9 8 9 9 6 5 4 3 2 1 2 3 6 7 8 9 9 8 8 9 9 8 7 6 4 5 6 7 8 9 8 8 9 7 8
9 9 8 9 9 7 5 6 7 9 9 8 6 9 8 9 8 9 3 4 5 9 8 7 8 9 7 6 4 2 1 2 4 8 9 9 3 1 4 9 8 7 7 8 9 6 5 3 2 3 5 6 9 5 3 9 9 8 7 8 9 6 8 9 9 4 6 9 8 7 7 5 5 3 2 5 4 5 6 7 8 9 9 9 8 7 6 6 4 3 6 3 5 9 9 9 9 9 9 9
8 8 7 8 9 8 9 8 9 9 9 9 8 9 9 8 7 8 2 3 9 8 9 6 7 8 9 5 3 1 0 2 3 7 7 8 9 2 3 9 9 6 6 9 8 7 6 4 6 4 5 7 9 6 9 8 6 9 8 9 8 7 9 0 1 2 3 4 9 9 8 6 9 4 5 6 5 6 7 8 9 6 9 8 7 7 5 4 3 2 1 2 6 9 8 9 8 9 4 3
7 5 6 7 8 9 2 9 9 9 8 8 9 8 9 6 5 3 1 2 9 7 6 5 6 7 8 9 4 3 1 5 4 5 6 7 8 9 9 8 7 5 5 3 9 8 7 5 8 5 6 8 9 7 9 8 5 4 9 4 9 9 3 2 3 3 4 9 3 1 9 9 8 9 7 9 8 7 8 9 4 5 7 9 6 5 4 3 2 1 0 1 9 8 7 8 7 8 9 2
6 4 5 4 6 9 3 4 9 8 7 6 6 7 8 9 3 2 0 1 9 8 9 6 7 9 9 8 6 9 8 6 5 6 8 9 9 8 7 6 5 3 4 2 3 9 8 7 8 9 7 8 9 9 8 7 6 3 2 3 8 9 9 5 4 4 9 8 9 2 3 9 7 9 9 9 9 8 9 3 2 3 9 8 7 6 9 5 4 2 3 2 3 9 6 7 6 8 9 0
4 3 4 3 9 8 9 9 8 7 6 5 5 9 9 6 4 3 1 2 3 9 9 9 8 9 4 9 8 9 8 7 6 8 9 9 8 7 6 4 3 2 1 0 1 2 9 8 9 9 8 9 6 7 9 8 9 4 3 4 6 7 8 9 5 9 8 7 8 9 9 8 6 8 9 7 9 9 3 2 1 2 3 9 8 9 8 6 7 3 4 5 9 8 5 4 5 7 8 9
4 2 1 2 4 6 7 9 8 6 4 3 4 8 9 7 5 4 5 3 5 6 9 9 9 2 3 5 9 7 9 8 7 9 8 9 9 9 6 5 4 3 2 1 2 4 9 9 4 3 9 4 5 6 7 9 8 5 4 5 6 8 9 7 6 7 9 6 5 9 8 7 5 6 5 6 8 9 9 4 2 4 9 9 9 9 9 7 8 6 5 6 9 7 4 3 4 6 7 9
4 1 0 1 3 4 7 8 9 7 3 2 3 7 8 9 6 5 7 4 6 7 8 9 2 1 2 3 4 6 7 9 8 9 7 9 9 8 7 7 6 5 6 7 3 4 7 8 9 2 1 2 3 7 8 9 7 6 5 6 9 9 9 8 7 9 6 5 4 9 8 6 4 3 4 5 6 7 8 9 4 9 8 9 8 9 9 8 9 8 6 9 8 6 5 2 3 4 5 9
3 2 1 2 3 5 6 7 8 9 5 9 5 6 7 8 9 9 8 9 7 9 9 9 9 9 9 4 9 9 9 9 9 5 6 7 8 9 9 8 8 6 7 6 4 5 6 7 8 9 3 4 9 8 9 2 9 8 6 7 8 9 9 9 9 8 7 6 5 9 7 6 4 2 3 4 5 6 7 8 9 8 7 5 7 9 9 9 2 9 7 9 8 7 5 3 4 6 7 8
4 5 3 4 5 9 8 8 9 9 9 8 9 7 8 9 9 9 9 5 9 7 8 9 8 7 8 9 8 7 8 9 5 4 5 7 9 8 9 9 9 9 8 7 5 6 8 8 9 8 9 9 8 9 1 0 2 9 7 8 9 9 9 5 4 9 9 7 6 9 8 7 2 1 2 5 6 7 9 9 9 9 5 4 5 7 8 9 3 9 8 9 9 7 6 4 5 6 8 9
5 6 4 5 6 7 8 9 7 8 9 7 8 9 9 9 8 9 7 4 5 6 9 8 7 6 7 8 9 6 9 6 4 3 4 9 9 7 9 8 7 8 9 8 8 7 9 9 8 7 8 9 7 8 9 9 3 9 8 9 9 9 8 9 9 9 8 9 9 8 7 6 1 0 1 6 9 8 9 9 8 7 6 7 8 9 9 5 4 9 9 9 9 8 7 5 6 9 9 7
9 8 9 6 7 8 9 6 5 4 7 6 9 9 9 9 7 8 5 3 4 9 8 7 6 5 1 3 4 5 7 9 6 5 9 8 7 6 8 9 6 7 8 9 9 8 9 9 7 6 7 5 6 8 9 8 9 9 9 9 9 9 6 9 8 7 7 8 9 9 8 4 3 1 2 7 8 9 8 8 9 8 7 8 9 3 2 9 9 8 6 8 9 9 9 8 7 8 9 6
5 9 9 8 9 9 6 5 4 3 4 5 7 7 8 9 6 5 4 2 9 8 7 6 5 4 2 5 5 7 8 9 7 6 7 9 8 8 9 6 5 6 7 8 9 9 8 7 6 5 3 4 9 9 6 7 8 9 9 9 8 7 5 3 7 6 6 7 9 7 6 5 4 2 3 8 9 8 7 6 4 9 8 9 9 9 9 8 7 9 5 7 8 9 8 9 8 9 6 5
4 6 9 9 7 6 4 5 3 2 3 4 5 6 7 8 9 7 9 1 2 9 9 8 6 6 3 4 9 8 9 4 9 8 8 9 9 9 7 5 4 8 9 9 8 6 9 8 7 3 2 9 8 9 4 3 4 5 9 8 7 6 4 2 3 4 5 9 8 9 7 6 5 6 4 9 8 9 8 4 3 4 9 9 9 8 7 6 5 3 4 6 7 9 7 9 9 2 3 4
2 9 8 7 6 4 3 2 1 0 1 5 6 7 8 9 9 9 8 9 3 4 8 9 9 8 5 6 8 9 2 3 4 9 9 8 7 6 8 4 3 4 9 8 6 5 6 9 6 4 9 8 7 8 9 2 3 4 5 9 6 5 2 1 2 3 5 6 7 8 9 9 6 7 5 6 7 8 9 6 4 6 7 9 8 7 6 5 4 2 3 2 3 5 6 7 8 9 6 5
0 1 9 8 6 5 4 3 2 1 7 8 9 8 9 8 9 9 7 8 9 6 7 9 8 7 6 8 9 5 0 2 3 4 9 9 8 5 4 3 2 9 8 7 6 4 9 8 7 9 8 7 6 7 6 9 9 5 7 8 9 4 3 2 3 4 5 9 8 9 9 8 7 8 9 7 9 9 9 8 5 9 9 8 7 6 5 4 2 1 0 1 8 9 8 9 9 8 7 6
1 2 3 9 9 6 8 6 4 5 6 7 8 9 8 7 9 8 6 8 9 7 8 9 9 9 7 8 9 3 1 2 9 9 8 9 7 6 5 4 3 9 9 5 4 3 4 9 9 8 7 6 5 4 5 7 8 9 9 9 7 6 4 6 5 5 9 8 9 1 0 9 8 9 9 8 9 6 4 9 9 8 9 9 9 7 6 6 3 2 3 5 6 8 9 9 8 9 9 8
5 3 4 9 8 9 8 7 5 7 9 8 9 9 7 6 5 4 5 7 8 9 9 3 4 5 9 9 8 9 2 9 8 9 7 8 9 7 7 5 9 8 7 6 3 2 9 8 9 7 6 5 4 3 4 5 9 9 8 9 8 9 6 8 6 9 8 7 8 9 9 8 9 7 9 9 7 6 5 9 8 7 8 9 9 8 7 8 5 4 5 6 7 9 3 5 7 9 8 9
7 4 9 8 7 8 9 8 6 8 9 9 8 9 8 8 6 3 7 9 9 6 5 4 9 9 8 9 7 8 9 8 7 8 6 7 8 9 8 9 8 9 8 3 2 1 9 7 6 6 5 3 2 2 3 4 7 6 7 8 9 9 7 9 8 9 9 6 7 8 9 7 5 6 9 9 8 7 9 9 7 6 6 7 8 9 8 9 8 5 7 7 9 0 2 3 9 8 7 8
9 9 8 7 6 6 8 9 9 9 9 8 7 6 9 4 3 2 9 6 8 9 9 9 8 8 7 9 6 7 9 7 6 5 4 5 7 8 9 9 7 6 5 4 9 3 4 9 5 4 3 1 0 1 2 3 4 5 9 9 1 9 8 9 9 9 8 5 6 7 9 9 4 9 8 9 9 9 8 1 0 4 5 8 9 0 9 9 7 6 7 9 8 9 9 9 8 7 6 5
9 8 9 8 5 5 6 7 8 9 8 7 6 5 4 2 1 0 4 5 7 9 8 9 7 6 5 7 5 6 7 9 3 1 2 6 6 7 8 9 8 7 9 9 8 9 9 8 7 6 5 4 2 2 3 4 5 7 8 9 2 4 9 9 8 7 6 4 5 6 7 8 9 8 7 9 8 7 6 3 2 3 6 7 9 2 3 9 8 9 9 8 7 9 8 9 9 6 5 4
8 7 6 7 3 4 7 9 9 4 9 8 7 9 6 9 2 2 3 4 5 6 7 8 9 5 4 3 4 5 9 8 9 2 3 4 5 8 9 9 9 9 8 7 7 9 8 9 8 6 5 4 3 3 6 5 6 7 9 5 4 9 3 1 9 6 4 3 4 5 6 9 8 7 6 7 9 6 5 4 3 4 5 8 9 3 4 5 9 9 9 7 6 8 6 9 8 9 2 3
7 6 4 3 2 4 5 8 9 3 2 9 9 8 9 8 9 9 9 9 6 8 8 9 7 6 5 1 6 6 9 7 8 9 4 5 6 7 8 9 9 8 7 6 6 7 7 9 9 7 6 5 5 5 9 6 9 8 9 6 9 8 9 9 9 8 6 5 5 6 7 8 9 6 5 6 9 8 7 6 7 5 6 8 9 4 8 9 9 8 7 6 5 6 5 6 7 9 1 2
9 8 4 4 1 5 6 7 8 9 3 4 9 7 6 7 9 8 7 8 9 9 9 9 8 7 6 9 8 9 8 6 7 9 6 6 7 9 9 9 8 7 6 5 4 5 6 8 7 9 8 6 7 9 8 9 8 9 9 9 9 7 6 8 9 8 7 6 8 7 8 9 6 5 4 6 7 9 8 9 8 9 7 9 7 6 7 9 8 7 6 5 4 3 4 5 8 9 0 1
9 9 2 1 0 7 8 8 9 5 4 9 7 6 5 9 8 7 6 7 7 8 9 9 9 8 9 9 9 8 7 5 6 8 9 7 8 9 1 0 9 8 7 6 3 2 4 5 6 9 9 8 9 8 7 6 7 8 9 8 9 6 5 6 7 9 8 7 9 8 9 9 8 6 3 4 5 6 9 9 9 9 8 9 8 9 8 9 9 8 7 6 5 2 3 4 5 8 9 2
8 7 6 2 1 3 5 9 9 6 5 6 9 4 4 3 1 2 4 5 6 7 8 9 9 9 8 9 8 7 6 4 6 7 8 9 9 9 9 9 7 9 8 3 2 1 2 6 9 8 9 9 9 7 6 5 6 7 8 7 8 9 4 3 8 9 9 9 9 9 7 9 8 7 6 5 6 7 8 9 3 4 9 9 9 8 9 3 2 9 8 7 9 3 4 5 6 7 8 9
9 8 5 4 3 4 5 7 8 9 9 9 8 3 2 1 0 1 2 4 5 6 9 9 8 7 6 9 7 6 5 3 2 6 7 9 8 9 8 7 6 5 4 2 1 0 1 9 8 7 8 7 8 9 8 4 3 4 5 6 9 9 4 2 9 9 6 9 8 7 6 5 9 8 8 6 7 8 9 9 2 3 5 9 8 7 8 9 1 0 9 6 5 4 5 6 7 9 9 6
8 7 6 5 6 5 6 8 9 9 8 7 6 5 3 2 1 2 6 5 6 7 8 9 9 8 4 9 9 5 4 2 0 4 5 6 7 8 9 9 9 6 5 3 2 1 9 8 7 6 5 6 7 8 9 2 1 3 4 6 7 8 9 9 7 8 5 6 9 8 5 4 3 9 9 7 8 9 6 8 9 9 9 7 6 6 7 8 9 9 8 7 9 8 7 7 8 9 3 5
9 8 7 7 8 9 7 9 8 7 9 8 7 6 7 3 2 3 4 8 7 8 9 1 2 9 9 8 7 6 5 3 2 3 4 7 8 9 8 9 8 9 6 4 3 2 3 9 8 7 6 7 8 9 6 3 2 3 4 5 6 9 9 7 6 5 4 9 8 7 6 8 5 7 9 8 9 4 5 6 9 8 9 6 4 5 6 7 9 2 9 8 9 9 8 9 9 9 2 1
6 9 9 8 9 9 8 9 7 6 8 9 8 9 9 8 5 4 9 9 9 9 8 9 9 8 9 9 9 7 6 5 3 4 8 8 9 8 7 5 7 9 6 5 6 3 5 6 9 8 7 8 9 7 5 4 3 4 5 6 7 8 9 6 5 4 3 2 9 9 8 7 6 8 9 9 4 3 4 9 9 7 8 5 3 5 9 8 9 1 9 9 1 0 9 7 9 8 9 2
4 5 9 9 6 5 9 9 8 5 4 4 9 9 8 7 6 7 8 9 4 5 7 9 8 7 8 9 9 8 7 6 4 5 6 7 8 9 6 4 8 9 7 6 7 8 9 7 8 9 8 9 8 7 6 5 4 5 6 7 8 9 7 6 4 3 1 0 1 2 9 9 7 9 6 5 4 2 9 8 7 6 2 1 2 9 8 9 9 9 8 5 3 2 3 5 6 7 8 9
6 9 7 6 5 4 5 9 7 6 2 3 2 3 9 8 7 8 9 4 3 2 9 8 7 6 7 9 8 9 8 7 6 8 7 8 9 9 8 5 6 7 9 9 8 9 9 9 9 4 9 1 9 8 7 6 5 7 7 8 9 9 9 8 6 7 9 1 9 3 9 9 9 9 8 6 2 1 0 9 9 5 3 0 4 8 7 8 9 8 7 6 5 4 8 9 8 9 9 1
9 8 9 8 6 7 9 9 8 4 1 0 1 2 3 9 8 9 4 3 2 0 9 7 6 5 4 5 7 8 9 8 7 9 9 9 1 9 7 6 8 9 9 9 9 9 7 8 9 2 1 0 1 9 9 8 7 9 9 9 7 8 9 9 7 9 8 9 7 9 8 9 3 2 9 7 3 9 9 8 7 3 2 1 3 4 6 7 8 9 8 7 8 5 7 8 9 9 9 0
9 7 8 9 7 9 8 6 4 3 2 1 2 4 4 9 9 6 5 4 4 9 8 6 5 4 3 4 5 9 9 9 8 9 2 1 0 9 8 7 9 9 9 8 9 7 6 9 8 9 3 1 2 4 9 9 9 5 6 7 6 7 8 9 9 8 7 6 6 8 7 8 9 1 9 8 9 8 9 9 6 5 3 2 5 6 7 9 9 4 9 8 9 6 8 9 9 9 8 9
8 6 9 8 9 8 7 6 5 4 3 2 3 4 9 8 9 7 9 5 6 7 9 9 7 3 2 3 4 7 8 9 9 4 3 9 1 2 9 8 9 8 7 6 5 3 5 6 7 9 9 2 3 9 8 7 6 4 5 4 5 8 9 8 9 7 6 5 5 5 6 7 8 9 4 9 9 7 9 8 7 6 5 6 6 7 8 9 9 2 3 9 8 7 9 8 9 7 6 7
7 5 7 7 8 9 8 7 6 5 4 3 4 9 8 7 6 9 8 9 8 9 9 8 6 5 1 0 5 6 7 8 9 5 9 8 9 9 9 9 9 8 9 7 4 2 4 5 5 6 8 9 9 9 9 9 7 3 1 3 6 9 5 7 9 6 5 4 3 4 5 9 9 1 2 9 8 6 4 9 8 7 8 9 8 8 9 9 8 1 2 4 9 8 9 7 7 9 4 6
4 3 4 6 5 6 9 9 8 6 5 6 5 9 9 6 5 6 7 8 9 9 9 6 5 4 3 2 4 5 6 9 9 9 9 7 9 8 9 9 9 7 6 5 4 1 2 3 4 5 6 7 8 9 3 4 9 2 0 1 2 3 4 9 9 9 4 3 2 5 9 8 9 2 3 9 7 5 3 4 9 8 9 9 9 9 7 5 7 0 1 4 6 9 7 6 5 4 3 5
3 2 6 5 4 5 5 6 9 7 6 7 9 8 7 5 4 5 6 8 9 9 8 7 6 5 6 3 5 6 7 8 9 8 7 6 7 7 8 9 8 7 6 4 2 0 1 2 5 7 8 9 9 3 2 9 8 7 3 2 4 5 9 8 9 8 9 2 0 2 6 7 8 9 9 8 5 4 2 3 4 9 8 9 9 9 7 4 2 1 2 3 5 9 8 8 9 5 7 6
2 1 0 1 2 3 4 9 9 8 7 9 8 7 5 4 3 4 7 6 8 9 9 8 9 6 7 5 6 7 8 9 8 7 6 4 5 6 9 8 7 6 5 4 3 1 3 4 5 6 7 8 9 2 1 9 8 6 4 3 4 9 8 7 5 7 8 9 1 4 5 6 8 9 8 7 3 2 1 2 3 5 7 9 9 8 6 5 3 4 3 4 5 6 9 9 8 9 8 8
3 2 1 2 6 4 9 8 9 9 8 9 9 6 5 4 2 3 6 5 7 8 9 9 8 7 9 9 7 8 9 7 9 8 5 3 4 5 7 9 8 7 6 5 4 2 7 6 7 8 9 9 5 1 0 3 9 7 6 7 5 9 9 6 4 6 7 9 2 5 6 7 9 9 6 5 4 3 0 1 2 4 6 7 8 9 7 6 6 5 9 7 6 7 9 8 7 8 9 9
5 4 3 4 5 9 8 7 9 9 9 8 7 6 3 2 1 2 5 4 6 7 8 9 9 8 9 9 8 9 7 6 5 4 3 2 5 6 7 8 9 9 8 6 5 9 8 7 8 9 9 6 4 2 1 2 9 8 7 8 9 8 9 4 3 4 8 8 9 7 7 8 9 8 7 6 5 7 6 4 3 4 6 7 9 9 8 9 8 9 8 9 7 9 8 7 6 7 8 9
6 5 4 9 9 8 7 6 7 9 8 7 6 5 4 5 0 1 2 3 4 5 9 9 9 9 9 8 9 8 9 8 6 5 4 5 6 7 8 9 9 9 9 7 7 8 9 8 9 9 8 7 6 9 2 3 4 9 8 9 8 7 8 9 2 5 6 7 8 9 8 9 6 9 8 7 7 9 7 6 7 8 9 9 9 8 9 9 9 8 7 8 9 9 7 6 5 4 6 6
7 6 9 8 8 9 6 5 6 7 9 8 7 6 5 2 1 2 3 6 5 6 7 8 9 9 7 7 6 7 8 9 7 6 5 6 7 8 9 8 7 8 9 9 9 9 0 9 7 8 9 8 9 8 9 6 5 6 9 8 9 6 9 8 9 6 7 8 9 7 9 9 5 4 9 8 9 4 9 8 9 9 8 7 8 7 8 9 8 7 5 9 8 7 6 5 4 3 5 5
9 9 8 7 6 2 3 4 5 6 7 9 9 7 4 3 2 4 5 7 7 8 8 9 8 8 6 7 5 4 5 9 8 7 8 7 8 9 9 8 6 7 8 7 8 9 1 5 6 9 8 9 8 7 8 9 6 9 7 6 8 4 5 6 9 9 8 9 7 5 7 8 9 3 4 9 4 2 1 9 5 6 9 6 5 6 9 7 6 5 4 5 9 9 7 7 6 2 3 4
8 9 7 6 5 1 2 3 4 6 9 8 7 6 5 4 3 5 6 9 8 9 9 8 7 6 5 4 4 3 4 6 9 9 9 8 9 6 9 7 5 4 7 6 7 9 3 4 5 9 7 6 9 6 7 8 9 9 6 5 4 3 4 5 7 8 9 6 5 4 2 4 8 9 9 6 5 3 2 3 4 9 8 7 6 7 8 9 5 2 3 4 9 8 7 6 5 4 5 5
7 6 5 4 4 0 1 4 6 7 9 9 9 7 6 7 4 6 7 8 9 3 3 9 8 7 6 3 1 2 3 4 9 8 7 9 8 7 9 8 5 3 4 5 6 8 9 5 9 8 7 5 6 5 6 9 8 7 8 6 5 2 5 7 8 9 9 7 3 2 0 5 6 7 8 9 9 4 5 6 5 6 9 8 7 8 9 4 3 1 2 3 4 9 8 7 6 8 7 8
8 7 4 3 2 1 2 3 7 8 9 9 9 8 9 9 8 7 9 9 3 2 1 0 9 8 5 4 0 1 2 9 9 8 6 7 9 9 8 7 3 2 3 5 7 8 9 9 8 7 6 4 3 4 5 9 7 6 7 7 2 1 3 6 6 7 8 9 4 3 1 6 7 8 9 9 8 9 6 7 6 7 8 9 8 9 5 4 2 0 1 9 5 6 9 8 7 8 8 9
9 8 5 4 4 3 4 4 5 6 7 9 9 9 7 5 9 8 9 7 9 9 3 4 9 7 5 4 1 2 9 8 7 6 5 9 8 7 6 5 4 3 5 7 8 9 9 9 9 8 7 9 1 0 9 8 6 5 3 2 1 0 2 4 5 9 9 9 5 5 3 8 9 9 9 8 7 9 7 8 9 8 9 4 9 9 6 9 3 1 9 8 9 9 9 9 8 9 9 9
8 7 6 6 7 8 9 5 7 8 9 9 9 6 5 4 3 9 4 6 9 8 9 5 9 8 4 3 2 9 8 7 6 5 4 3 9 9 8 9 5 4 6 9 9 9 8 9 9 9 9 8 9 1 3 9 7 5 4 5 3 2 4 5 6 8 9 8 6 7 8 9 9 9 8 9 6 8 9 9 9 9 4 3 9 8 7 8 4 9 8 6 7 8 9 9 9 6 7 8
9 8 9 8 9 9 7 6 7 9 9 9 8 9 7 9 2 1 3 9 9 7 8 9 9 6 5 4 3 4 9 6 5 4 3 2 3 4 9 8 7 5 7 8 9 8 7 8 9 9 9 7 9 2 9 9 8 9 9 6 4 3 6 6 7 9 5 9 7 8 9 3 9 8 7 6 5 7 9 9 8 9 9 2 3 9 8 9 9 8 7 5 6 9 8 9 7 5 3 2
9 9 8 9 6 9 8 7 8 9 9 8 7 6 5 4 3 3 9 8 9 6 7 9 8 7 6 5 7 9 8 7 6 6 4 3 7 5 6 9 9 6 8 9 3 5 6 7 9 9 7 6 7 9 8 9 9 9 8 7 8 4 7 9 8 9 4 5 9 9 1 2 3 9 8 9 4 6 8 7 6 7 8 9 4 6 9 8 6 7 5 4 5 8 7 8 9 4 2 1
9 8 7 6 5 4 9 8 9 2 3 9 8 7 6 9 4 9 8 7 6 5 6 8 9 9 8 6 7 8 9 9 7 6 5 4 5 8 7 9 8 7 9 5 4 6 9 8 9 8 7 5 7 8 7 8 9 9 9 9 6 5 8 9 9 6 5 7 8 9 0 9 4 9 9 7 3 9 8 6 5 6 7 8 9 9 8 6 4 3 6 3 5 8 6 7 9 5 1 0
9 9 9 5 4 3 4 9 2 1 2 3 9 8 9 8 9 9 8 6 5 4 7 8 7 8 9 8 9 9 7 6 9 8 9 7 6 7 8 9 9 8 9 6 5 9 8 9 9 7 7 4 6 5 6 8 9 9 9 8 7 6 9 7 9 7 6 7 9 9 9 8 9 8 7 5 2 3 4 4 4 5 6 9 8 9 5 4 3 2 1 2 4 6 5 7 8 9 2 1
9 8 7 6 5 4 5 6 9 0 1 2 3 9 8 7 9 8 7 5 4 3 4 5 6 7 9 9 4 3 4 5 6 9 9 8 9 8 9 0 1 9 9 8 9 8 7 9 8 6 5 3 2 4 5 9 9 8 6 9 8 9 7 6 8 9 7 9 9 9 8 7 7 9 9 3 1 0 1 2 3 4 5 6 7 8 9 6 2 1 0 1 2 3 4 6 7 8 9 2
0 9 9 8 7 6 6 7 8 9 4 3 9 8 9 6 9 8 7 6 5 2 3 4 5 6 7 9 3 2 3 6 9 8 9 9 9 9 7 9 9 8 8 9 8 7 6 4 9 8 7 4 0 6 7 8 9 3 5 6 9 7 6 5 7 9 8 9 9 8 9 6 6 7 8 9 2 4 5 6 4 5 7 9 8 9 5 4 3 2 1 2 3 4 6 7 9 9 9 3
1 2 3 9 9 7 7 8 9 6 5 9 8 7 6 5 7 9 8 7 6 1 4 5 7 9 8 9 2 1 2 9 9 7 8 9 7 6 5 8 7 6 7 9 8 6 5 3 4 9 6 4 2 4 9 9 3 2 4 6 9 9 5 4 3 1 9 9 8 7 8 4 5 9 7 8 9 6 6 9 5 6 7 8 9 7 6 5 5 4 3 3 7 6 8 9 6 7 8 9
3 3 9 9 7 9 8 9 9 9 9 7 7 5 5 4 5 6 9 8 9 2 5 6 7 8 9 4 1 0 9 8 8 6 9 9 7 6 4 3 4 5 7 9 5 4 3 2 3 9 7 5 9 5 7 8 9 1 3 9 8 7 6 5 4 3 4 5 9 6 5 3 4 7 6 7 8 9 7 8 8 7 9 9 0 9 8 7 7 5 4 4 5 7 8 9 5 9 9 2
4 9 8 7 6 6 9 4 9 8 7 6 5 4 3 2 4 9 8 7 7 3 4 5 9 9 4 3 2 9 8 7 6 5 7 8 9 4 3 2 1 2 9 8 6 5 4 3 4 5 9 9 8 7 8 9 1 0 1 2 9 9 7 6 5 4 5 6 9 9 7 2 1 4 5 6 9 9 8 9 9 9 3 2 1 5 9 9 8 6 5 5 9 8 9 9 9 8 9 3
5 7 9 6 4 4 2 3 4 9 8 7 4 3 2 1 9 8 7 6 5 4 7 6 7 8 9 4 9 9 8 6 5 4 5 9 8 9 4 3 0 1 9 8 7 6 5 4 5 6 8 9 9 8 9 3 2 1 2 3 4 9 8 9 6 8 6 9 8 7 6 3 2 3 4 5 6 7 9 7 6 5 4 5 2 4 6 9 8 7 6 6 7 9 9 9 9 7 8 9
9 9 8 7 3 2 1 2 9 8 9 8 5 4 3 0 1 9 9 8 7 5 6 7 8 9 9 9 8 7 6 5 4 3 4 9 7 9 9 2 1 2 4 9 8 9 6 5 6 7 9 9 9 9 7 5 3 2 3 4 6 8 9 8 7 8 7 9 9 6 5 4 3 4 5 7 7 9 9 9 9 6 5 6 9 5 6 9 9 8 7 8 9 7 9 8 7 6 7 8
8 9 9 8 5 3 2 3 9 7 6 5 4 3 2 1 2 3 4 9 8 9 7 8 9 5 8 9 9 8 7 8 3 2 9 8 6 8 8 9 4 3 4 5 9 8 7 7 9 8 9 9 8 9 8 6 5 3 4 5 7 9 3 9 9 9 8 9 8 7 6 6 8 5 6 8 8 9 9 7 8 9 9 9 8 9 7 8 9 9 8 9 4 6 9 8 6 5 8 3
6 9 8 7 5 4 5 4 5 9 8 6 5 4 3 9 3 5 6 9 9 9 8 9 2 3 7 8 9 9 8 5 4 3 9 6 5 6 7 8 9 4 5 9 8 9 9 8 9 9 5 9 7 8 9 8 6 4 5 7 9 3 2 1 0 1 9 1 9 8 7 8 9 6 8 9 9 4 7 6 7 9 8 7 6 7 9 9 9 9 9 4 3 9 8 7 5 4 3 2
4 3 9 8 7 5 6 7 6 7 9 8 7 8 9 8 9 6 7 8 9 9 9 4 3 4 6 9 9 9 8 7 9 9 8 6 4 6 9 9 6 5 9 8 7 5 6 9 7 9 4 3 6 7 9 8 7 5 6 8 9 4 3 2 3 2 9 0 9 9 8 9 8 7 9 5 4 3 3 5 9 7 9 9 7 8 9 9 9 8 8 9 2 1 9 9 4 3 2 1
9 2 3 9 7 6 7 8 9 8 9 9 8 9 8 7 8 9 8 9 9 8 7 6 4 5 9 8 7 9 9 9 8 6 5 4 3 7 8 9 7 6 9 8 6 4 7 5 6 8 9 2 4 6 7 9 8 8 7 8 9 5 5 3 4 5 8 9 8 7 9 6 9 8 9 3 2 1 2 3 4 5 6 9 8 9 9 8 7 7 7 8 9 9 8 7 6 4 3 4
8 9 5 9 8 7 9 9 4 9 7 9 9 8 9 6 9 9 9 8 7 9 8 7 6 9 8 7 6 9 7 8 9 7 6 7 4 6 7 8 9 9 8 7 5 2 2 4 5 7 9 1 3 4 5 7 9 9 8 9 9 9 6 4 5 6 7 9 9 6 5 4 6 9 5 4 3 2 3 4 5 6 7 8 9 9 9 9 6 5 6 7 8 9 9 8 9 6 4 5
7 8 9 9 9 8 9 2 3 4 6 9 8 7 8 5 8 7 8 9 6 5 9 9 8 9 9 6 5 4 6 9 9 8 8 6 5 6 7 9 2 1 9 5 4 1 0 2 4 6 8 9 8 5 9 8 9 2 9 9 9 8 9 5 6 7 9 7 5 4 3 2 3 5 9 8 4 3 5 6 9 7 9 9 9 8 9 8 7 4 3 2 3 4 6 9 8 7 5 7
6 9 8 8 9 9 5 3 4 5 9 8 7 6 5 4 6 6 7 8 9 4 3 1 9 9 9 8 4 3 4 8 6 9 9 8 6 7 8 9 9 9 7 4 3 2 1 2 3 4 9 9 7 6 7 8 9 1 2 9 8 7 8 9 7 9 8 7 6 5 4 3 4 9 8 7 6 4 6 7 8 8 9 4 8 7 9 9 8 6 5 4 5 9 7 8 9 8 7 8
5 5 6 7 9 7 6 9 8 6 8 9 6 5 4 3 4 5 6 7 9 6 1 0 1 9 8 9 3 2 2 6 4 6 9 8 7 9 9 9 8 7 6 5 4 3 2 3 4 5 7 8 9 7 9 9 1 0 9 8 9 6 9 8 9 9 9 8 7 6 5 4 5 6 9 8 7 5 7 8 9 9 2 3 5 6 8 9 8 7 9 8 7 8 9 9 9 9 8 9
3 4 7 8 9 8 7 8 9 7 9 8 9 5 5 2 3 6 7 9 9 7 4 2 9 8 7 8 9 1 0 2 3 5 6 9 8 9 8 9 9 8 9 6 5 4 3 4 5 6 8 9 9 8 9 4 2 9 8 7 8 5 6 7 8 9 9 9 8 9 8 5 6 7 8 9 8 9 8 9 1 0 1 4 9 7 9 3 9 9 9 9 8 9 9 8 9 9 9 4
1 5 6 7 8 9 8 9 3 9 8 7 8 4 2 1 0 5 8 7 8 9 6 9 8 6 6 7 9 2 1 2 3 4 5 6 9 8 7 5 2 9 8 7 6 5 4 6 8 7 8 9 9 9 6 5 6 7 9 6 8 3 4 5 6 8 9 9 9 8 7 6 7 9 9 8 9 9 9 3 2 1 9 9 8 9 3 2 3 4 9 9 9 5 6 7 8 9 4 3
2 3 4 9 8 9 9 0 2 4 9 6 5 4 3 4 1 4 5 6 7 8 9 9 9 5 4 9 8 9 2 3 4 5 7 8 9 9 4 3 1 2 9 9 7 6 5 7 8 8 9 8 9 8 7 6 9 9 8 5 4 2 5 4 6 7 8 9 9 9 8 7 9 8 7 7 8 9 8 9 3 9 8 9 7 8 9 0 1 9 8 7 8 9 7 8 9 5 3 2
3 4 5 6 7 8 9 1 3 9 8 7 7 5 4 3 2 3 4 5 6 7 9 8 7 6 2 3 7 8 9 9 5 9 8 9 8 7 5 4 4 3 4 9 8 7 6 8 9 9 7 6 4 9 8 9 8 7 6 4 3 1 2 3 5 6 7 8 9 9 9 9 8 7 6 5 6 8 7 9 9 8 7 8 6 7 9 1 9 8 7 6 7 9 8 9 4 3 2 1
4 5 6 9 9 9 9 2 4 5 9 9 9 8 7 5 6 5 5 7 8 9 8 7 6 4 3 4 5 6 7 8 9 9 9 7 9 8 7 6 7 9 5 6 9 8 9 9 0 9 8 7 6 8 9 9 9 9 7 8 4 3 4 7 8 8 9 9 7 8 9 8 7 6 4 4 6 7 6 7 8 9 6 7 5 6 7 9 8 9 6 5 7 8 9 4 3 2 1 0
5 6 7 8 9 6 8 9 9 6 7 8 9 9 8 7 7 6 7 8 9 3 9 8 7 5 4 7 6 9 8 9 9 7 6 6 7 9 8 7 8 9 6 9 9 9 8 9 1 2 9 8 7 9 9 8 9 9 8 9 5 4 5 6 7 8 9 7 6 7 6 9 6 5 3 2 3 4 5 8 9 6 5 6 3 4 9 8 7 6 5 4 5 8 9 6 4 4 2 3
6 8 8 9 3 4 5 9 8 9 8 9 2 3 9 9 8 8 9 9 2 1 2 9 7 6 5 8 9 9 9 8 8 9 5 4 3 4 9 8 9 9 9 8 8 9 7 8 9 4 5 9 8 9 8 7 6 7 9 7 6 5 7 7 9 9 7 6 5 4 5 9 5 4 2 1 4 7 6 7 8 9 4 1 2 3 4 9 8 7 6 6 6 7 8 9 6 5 6 9
7 8 9 1 2 3 9 8 7 9 9 0 1 4 5 9 9 9 8 9 1 0 1 9 8 7 8 9 9 9 8 7 6 5 4 3 2 1 2 9 9 9 8 7 6 7 6 7 8 9 6 7 9 8 7 6 5 6 9 8 8 7 8 9 9 8 6 5 4 3 9 8 7 5 3 3 4 6 9 9 9 4 2 0 1 2 3 4 9 8 8 7 7 8 9 9 9 6 7 8
8 9 9 2 3 9 8 7 6 7 8 9 9 9 9 8 7 6 7 8 9 1 2 3 9 9 9 8 7 6 9 8 7 6 8 2 1 0 1 2 9 8 7 6 5 4 5 6 9 9 8 9 9 9 3 3 4 7 8 9 9 8 9 8 9 9 8 6 6 4 5 9 6 5 4 5 6 7 8 9 5 4 3 5 4 3 4 5 9 9 9 9 8 9 9 9 8 9 8 9
9 9 8 9 4 9 9 9 5 6 7 9 8 7 8 7 6 5 6 7 8 9 3 9 9 7 9 7 6 5 4 9 8 7 7 3 2 2 2 3 4 9 8 7 5 3 8 7 8 8 9 9 9 8 2 1 5 6 7 8 9 9 8 7 8 9 9 7 7 9 9 9 7 6 8 7 8 9 9 7 6 5 9 9 8 6 5 6 7 8 9 4 9 9 9 8 7 8 9 9
9 8 7 9 9 8 9 8 7 7 9 9 8 6 5 4 5 4 5 9 9 9 9 8 7 5 8 9 5 4 3 5 9 7 6 5 4 3 3 4 9 8 9 7 6 2 6 5 7 7 8 9 8 7 6 2 3 4 9 9 9 8 7 6 7 8 9 8 9 8 7 9 8 9 9 8 9 3 9 8 7 9 8 7 9 9 9 7 8 9 2 3 4 9 8 7 6 7 9 8
9 7 6 7 6 7 8 9 8 9 8 7 6 5 4 3 2 3 6 6 7 8 9 9 8 6 7 9 4 2 1 9 9 9 7 7 6 4 5 9 8 7 5 3 2 1 0 4 5 6 7 8 9 8 5 4 5 6 7 8 9 7 6 5 6 8 9 9 8 7 6 5 9 9 9 9 1 2 3 9 8 9 7 6 8 7 8 9 9 4 3 5 8 9 8 6 5 4 5 7
9 8 5 4 5 8 9 9 9 6 9 9 8 7 5 2 1 3 4 5 6 7 8 9 9 7 9 8 9 3 9 8 9 8 9 9 7 5 7 9 9 8 6 4 3 2 1 2 3 5 6 7 9 9 6 5 6 7 9 9 8 7 5 4 5 7 9 8 9 8 7 6 7 8 9 9 9 3 4 5 9 8 7 5 7 6 7 8 9 9 8 6 7 8 9 7 4 3 4 5
9 9 4 3 4 9 9 8 7 5 6 8 9 8 7 5 2 3 8 9 8 9 9 8 9 9 8 7 8 9 8 7 8 7 9 8 9 7 8 9 9 9 6 5 4 3 4 5 6 9 9 8 9 9 8 6 7 9 9 9 6 5 4 3 4 6 6 7 8 9 8 7 8 9 7 9 8 9 9 9 9 7 6 4 4 5 6 7 8 9 8 7 8 9 9 9 6 6 5 9
9 8 7 5 6 7 9 6 5 4 5 7 9 9 5 4 3 4 6 7 9 8 7 7 6 8 9 6 9 8 9 6 5 5 8 7 8 9 9 9 9 9 9 6 5 8 5 6 7 8 9 9 9 8 9 9 8 9 9 8 9 4 3 2 3 4 5 9 9 4 9 9 9 5 6 9 7 8 7 8 9 5 4 3 2 4 5 6 7 8 9 8 9 8 7 8 9 7 9 8
6 9 8 6 9 9 8 9 6 3 2 9 8 7 6 5 4 9 7 9 8 7 5 4 5 9 4 5 6 7 8 9 3 3 3 5 6 9 8 9 8 9 8 7 6 7 6 8 8 9 9 9 8 7 9 8 9 9 8 7 6 5 6 1 2 3 5 8 9 3 2 1 2 4 9 8 6 5 6 7 9 9 5 0 1 2 3 4 5 6 8 9 8 7 6 7 9 9 8 7
5 6 9 9 7 7 6 7 9 2 1 2 9 8 9 7 6 7 9 9 8 6 5 3 4 1 2 4 5 6 9 3 2 1 2 3 9 8 7 9 7 8 9 9 7 9 7 9 9 9 9 8 9 6 5 7 8 9 8 6 4 3 1 0 1 2 6 7 8 9 4 2 3 9 8 7 5 4 5 6 9 8 9 1 2 3 5 6 8 9 9 9 7 6 5 6 7 8 9 6
6 7 9 8 6 4 5 9 8 9 0 1 2 9 9 8 7 9 8 7 6 5 4 2 1 0 1 2 7 8 9 4 3 2 3 9 8 7 6 5 6 7 8 9 9 4 9 2 1 9 8 7 6 5 4 6 7 8 9 8 6 4 3 2 6 4 5 6 7 8 9 9 9 8 9 5 4 3 5 9 8 7 8 9 4 4 6 7 8 9 9 9 8 8 6 7 8 9 4 5
7 8 9 4 5 3 4 5 6 8 9 9 9 1 2 9 8 9 9 8 7 6 5 3 2 1 2 7 6 8 9 9 4 3 4 9 8 7 5 4 5 6 7 8 9 3 2 1 0 1 9 9 8 7 5 7 8 9 9 8 7 8 4 4 5 7 6 7 8 9 9 8 8 7 5 7 3 2 9 8 7 5 7 8 9 5 7 8 9 6 7 8 9 9 9 8 9 2 3 4
8 9 8 3 2 1 3 3 4 5 6 7 8 9 3 4 9 8 7 9 8 7 8 4 4 2 3 4 5 6 7 8 9 5 9 7 6 6 2 3 4 5 6 8 9 5 3 3 2 3 4 9 8 7 6 7 9 7 8 9 8 6 5 5 6 8 7 8 9 9 8 7 6 5 3 2 0 1 2 9 6 4 6 7 8 9 9 9 3 5 6 9 7 6 5 9 0 1 2 3
9 8 7 6 5 0 1 2 3 5 7 9 9 9 9 9 7 6 5 6 9 8 9 7 7 3 4 6 7 8 8 9 9 9 8 7 5 4 1 2 3 4 6 8 9 6 5 4 6 4 5 6 9 9 7 8 9 6 9 1 9 7 9 8 7 9 8 9 5 4 9 8 7 6 5 3 3 2 9 8 5 3 5 6 8 9 2 0 2 3 9 8 7 6 3 2 1 2 3 4
8 7 6 5 4 3 2 4 5 6 7 8 9 9 8 7 5 4 3 5 6 9 7 6 5 4 5 7 8 9 9 9 9 8 7 6 5 3 2 3 4 6 7 9 8 7 6 5 6 8 9 7 9 9 8 9 8 7 9 0 9 8 9 9 8 9 9 8 6 5 6 9 9 8 7 6 5 9 8 7 6 4 6 8 9 3 2 1 2 9 8 7 6 5 4 3 2 3 4 5

186 186 186 186 186 186 0 191 191 191 0 245 245 245 245 245 245 245 0 94 94 94 94 94 0 0 63 63 63 63 63 63 63 63 63 63 0 171 171 0 41 41 41 41 41 41 41 41 41 0 0 0 29 29 29 29 29 29 0 203 203 203 203 0 149 0 149 149 149 0 0 88 88 0 76 0 76 76 0 0 0 195 195 195 195 195 195 195 0 174 174 174 174 174 174 0 0 91 91 91
186 186 186 186 186 0 191 191 191 191 191 0 245 245 245 245 245 0 94 94 94 94 0 0 0 63 63 63 63 63 63 63 63 63 63 63 63 0 171 0 0 0 41 41 41 41 41 41 0 194 0 29 29 29 29 29 29 0 0 0 203 0 0 149 149 149 149 149 149 149 149 0 0 76 76 76 76 76 76 0 195 195 195 195 195 195 195 195 0 174 174 174 174 174 174 174 0 91 91 91
186 186 186 186 0 0 191 191 191 191 191 191 0 245 245 245 245 245 0 0 94 0 3 0 0 0 63 63 63 63 63 63 63 63 63 63 63 0 0 22 0 0 0 41 41 41 41 41 0 194 194 0 29 29 29 29 0 0 0 112 0 112 0 149 149 149 149 149 149 0 149 149 0 0 76 76 76 76 0 195 195 195 195 195 195 195 0 0 174 174 174 174 174 174 174 0 91 91 91 91
186 186 186 186 186 186 0 191 191 191 191 191 0 245 245 0 245 245 0 0 0 3 3 3 0 0 63 63 63 63 63 63 63 63 63 63 0 22 22 22 22 0 22 0 41 41 41 41 41 0 194 194 0 29 29 0 0 112 0 112 112 112 0 0 149 149 149 149 149 149 149 149 0 76 76 76 76 76 76 0 195 195 195 195 195 0 174 174 174 174 174 174 174 174 0 91 91 0 0 91
186 186 186 186 186 0 140 0 191 191 191 191 0 245 245 245 245 0 166 0 3 3 3 3 0 145 0 63 63 63 63 63 63 63 0 0 22 22 22 22 0 22 22 22 0 0 41 41 0 0 194 194 194 0 29 0 112 112 112 112 112 112 112 112 0 0 149 149 149 149 149 0 0 76 76 76 76 76 0 0 0 195 0 195 195 0 174 174 174 174 174 174 174 174 174 0 0 33 33 0
186 186 186 186 0 140 140 0 0 0 191 0 91 0 245 245 0 166 166 0 3 3 3 3 0 145 145 0 63 63 0 0 0 63 0 0 0 22 22 22 22 22 22 22 0 0 0 0 0 129 0 194 0 19 0 0 0 112 112 112 112 112 112 112 112 112 0 149 149 149 0 0 0 76 76 76 76 0 0 0 192 0 192 0 0 174 174 174 174 0 174 174 174 174 0 33 0 33 33 0
186 186 186 0 140 140 140 140 140 140 0 91 91 91 0 0 0 0 0 3 3 3 3 3 0 145 145 145 0 0 241 241 241 0 0 0 22 22 22 22 22 0 0 22 0 0 0 0 129 129 129 0 19 19 19 0 112 112 112 112 112 112 112 112 112 112 112 0 149 0 0 0 177 0 0 76 0 0 0 192 192 192 192 192 192 0 0 174 0 94 0 174 174 0 33 33 33 33 33 33
186 186 186 0 140 140 140 140 140 140 140 0 91 91 91 91 0 182 0 3 0 3 3 3 3 0 145 145 0 241 241 241 241 241 0 182 0 0 0 22 22 0 0 0 0 129 0 0 0 129 0 0 19 19 0 112 112 112 112 112 112 112 112 112 112 112 0 240 0 0 0 0 177 177 177 0 177 0 0 0 0 192 192 192 192 192 192 0 94 94 94 0 0 33 33 33 33 33 33 33
186 0 0 140 140 140 140 140 140 140 0 91 91 91 91 0 182 182 182 0 0 3 3 3 0 145 145 0 137 0 241 241 0 0 0 182 0 22 22 22 22 22 0 65 0 129 129 129 0 129 129 0 19 19 19 0 0 112 112 112 112 112 112 112 112 0 240 240 240 0 177 177 177 177 177 177 177 177 0 176 176 0 192 192 192 192 192 0 94 94 94 0 0 33 33 33 33 33 33 33
186 0 0 0 140 140 140 140 140 0 91 91 91 91 91 0 182 182 182 182 182 0 3 0 0 0 0 137 137 137 0 0 137 137 137 0 0 0 0 22 22 0 0 65 0 129 129 129 129 129 129 129 0 19 19 19 0 112 112 112 112 112 112 112 112 112 0 240 240 0 177 177 177 177 177 177 177 177 177 0 176 0 192 192 192 192 0 94 94 94 94 94 94 0 33 33 33 33 33 33
0 0 0 0 0 140 140 140 140 140 0 91 91 91 91 91 0 182 182 182 182 182 0 142 0 137 137 137 137 137 137 137 137 137 137 137 0 232 232 0 0 241 241 0 129 129 129 129 129 129 129 129 129 0 19 19 0 112 112 112 112 112 112 112 112 0 9 0 0 177 177 177 177 177 177 177 177 177 177 177 0 0 192 192 0 0 94 94 94 94 94 94 94 94 0 33 33 0 33 33
0 0 59 0 0 140 140 140 140 0 0 91 91 0 91 0 182 0 182 182 182 0 142 142 142 0 137 137 137 137 137 137 137 137 0 0 232 232 232 0 241 241 241 241 0 129 129 129 129 129 129 129 0 19 19 0 0 112 112 112 0 112 112 0 0 9 9 0 177 177 177 177 177 177 177 177 177 177 177 177 177 0 0 0 94 94 94 94 94 94 94 94 94 0 0 0 0 0 0 0
59 59 59 59 0 140 0 140 0 0 0 0 91 0 0 182 182 182 182 182 0 142 0 142 142 142 0 137 137 137 137 137 137 137 137 137 0 232 232 0 0 241 241 0 129 129 129 129 129 129 129 129 0 19 0 48 48 0 112 0 112 112 0 9 9 9 9 9 0 0 177 177 0 177 177 177 177 177 177 177 0 54 0 94 94 94 94 94 94 94 94 94 94 0 207 0 207 0 133 133
59 59 59 59 59 0 17 0 0 0 212 212 0 212 0 182 182 182 182 182 0 142 142 142 142 142 142 0 137 137 137 137 137 137 137 137 137 0 0 241 241 241 241 241 0 129 129 129 129 129 129 129 0 19 0 48 48 48 0 48 0 0 9 9 9 9 9 0 187 187 0 0 42 0 177 0 177 177 177 0 54 54 54 0 94 94 94 94 94 94 94 94 0 207 207 207 207 207 0 133
59 59 59 59 59 0 17 17 0 212 212 212 212 212 212 0 182 182 182 182 0 142 0 142 142 0 0 137 137 0 137 137 137 137 137 0 0 241 241 241 241 241 241 241 241 0 129 129 129 0 129 129 0 0 48 48 48 48 48 48 48 0 0 9 9 9 0 5 0 187 187 0 42 0 0 0 0 177 0 54 54 54 0 94 94 94 0 94 94 94 94 94 94 0 207 207 207 207 0 133
59 59 59 59 0 59 0 0 212 212 212 212 212 0 0 182 182 182 182 182 182 0 0 0 142 0 228 0 137 0 137 137 137 137 0 0 241 241 241 241 241 241 241 241 241 241 0 129 0 0 129 0 171 171 0 48 0 48 48 48 48 48 48 0 9 0 5 5 5 0 0 42 42 42 0 42 0 0 54 54 54 54 54 0 94 0 94 94 94 94 94 94 0 207 207 207 207 207 207 0
59 59 59 59 59 59 59 0 212 212 212 212 212 212 0 182 182 182 182 182 182 182 0 0 0 228 228 228 0 228 0 137 137 0 56 0 0 0 241 241 241 241 241 241 241 241 0 0 171 171 0 171 171 171 171 0 48 48 48 48 48 48 0 9 9 9 0 5 5 0 42 42 42 42 42 42 42 0 0 54 54 54 0 0 0 0 0 94 94 94 94 94 0 207 207 207 207 207 207 0
59 59 59 59 59 59 59 59 0 212 212 212 212 212 212 0 182 182 182 182 182 182 182 0 228 228 228 228 228 228 228 0 137 0 56 0 0 241 241 241 241 241 241 241 241 241 241 241 0 171 171 171 171 171 171 0 48 48 48 48 0 0 0 9 9 0 5 5 5 0 42 42 42 42 42 42 42 42 42 0 54 0 10 0 10 0 0 94 0 94 94 0 207 207 207 207 207 207 207 0
59 59 59 59 59 59 59 59 59 0 212 0 212 212 212 212 0 0 182 0 182 0 0 0 0 0 0 228 0 0 0 0 0 56 56 56 56 0 0 241 241 241 241 241 241 241 241 241 241 0 171 171 0 171 0 140 0 48 48 48 48 0 0 0 0 5 5 5 5 0 42 42 42 42 42 42 42 42 42 42 0 10 10 10 10 0 0 0 141 0 94 0 207 207 207 207 207 207 207 207
59 59 59 59 59 0 59 59 0 0 0 124 0 212 212 0 0 0 0 253 0 253 253 0 164 164 164 0 164 164 164 0 56 56 56 56 0 36 0 0 0 0 241 241 241 241 241 241 0 181 0 0 181 0 140 140 140 0 48 48 0 0 0 48 48 0 0 5 5 0 42 42 42 42 42 42 42 42 0 0 0 0 10 10 10 10 10 0 141 0 94 0 0 207 207 207 207 207 207 0
59 59 59 59 59 59 59 0 124 124 0 124 124 0 0 0 253 0 253 253 253 253 0 164 164 164 164 164 0 164 0 56 56 56 56 0 0 36 0 33 33 33 0 241 241 241 0 0 181 181 181 0 181 181 0 0 140 0 48 0 0 0 87 0 0 0 87 0 0 42 42 42 42 42 42 42 0 42 0 0 10 10 10 10 10 0 0 141 141 0 0 0 0 207 207 207 207 0 0 253
0 59 0 59 59 59 0 124 124 124 124 124 0 0 0 0 253 253 253 253 253 0 164 164 164 164 164 164 164 164 164 0 56 56 0 36 36 36 36 0 33 33 33 0 0 241 0 0 181 181 181 181 181 181 0 191 0 0 0 0 0 0 87 0 87 87 87 87 0 0 42 42 42 42 42 42 42 0 78 78 0 10 10 10 0 96 96 0 0 20 20 20 0 0 0 207 207 207 0 253
202 0 0 59 0 0 124 124 124 124 124 124 124 124 124 0 253 253 253 253 0 164 164 164 164 164 164 164 164 164 164 0 56 56 56 0 36 36 0 33 33 33 33 33 0 0 181 181 181 181 181 181 0 0 191 191 191 0 0 0 87 87 87 87 87 87 87 87 0 42 42 42 42 42 42 42 0 78 78 78 78 0 10 0 0 0 0 20 20 0 20 20 20 0 20 0 207 0 253 253
202 202 0 0 124 124 124 124 124 124 124 124 124 124 124 124 0 253 0 253 253 0 0 164 164 164 164 164 0 164 0 69 0 56 56 0 0 0 33 33 33 33 0 0 65 65 0 181 181 181 181 0 180 0 191 191 191 191 0 87 87 87 87 87 87 87 87 0 87 0 42 42 42 42 42 0 42 0 78 78 78 78 0 0 0 20 20 20 20 20 20 20 20 0 20 0 0 253 253 253
202 0 124 124 124 124 124 124 124 124 124 124 124 124 124 0 0 0 14 0 253 253 253 0 0 164 164 164 164 0 69 69 69 0 0 33 33 33 33 33 33 33 0 65 65 65 65 0 181 181 0 180 180 180 0 191 191 191 191 0 87 87 87 87 87 87 87 87 87 87 0 0 42 42 42 42 42 42 0 78 78 78 78 0 20 20 20 20 20 20 20 20 20 20 20 20 20 0 253 253
202 202 0 124 124 124 124 124 124 124 124 124 0 124 0 14 0 0 14 14 0 253 253 0 164 164 164 164 0 69 69 69 69 69 0 0 33 33 33 33 33 0 65 65 65 65 0 181 181 0 180 180 180 180 180 0 0 191 191 191 0 87 87 87 87 87 87 0 87 0 0 42 42 42 0 42 0 0 0 78 78 0 0 20 20 20 20 20 20 20 20 20 20 0 20 0 0 253 253 253
202 202 202 0 0 124 124 124 124 124 124 124 124 0 14 14 0 14 14 14 0 253 253 0 0 0 164 164 0 69 69 69 0 0 97 0 33 33 33 33 33 0 0 65 65 65 65 0 0 180 180 180 180 180 180 180 180 0 0 0 87 87 87 87 87 87 0 232 0 200 200 0 42 0 0 42 0 38 38 0 0 87 0 0 0 20 20 20 20 20 20 20 20 20 0 0 86 0 0 253
202 202 202 0 53 0 124 124 124 124 0 124 0 0 14 14 14 14 14 14 14 0 0 104 104 104 0 0 87 0 69 0 97 0 97 97 0 33 33 33 0 65 65 65 65 65 0 180 0 180 180 180 180 180 180 180 0 0 180 0 87 0 87 87 87 0 232 232 232 0 0 200 0 200 0 0 38 38 38 0 87 87 87 0 0 20 20 20 20 20 20 20 20 0 86 86 86 0 195 0
202 202 0 53 53 53 0 124 124 124 0 0 14 0 14 14 14 14 14 0 0 104 104 104 0 0 87 0 87 87 0 97 97 97 97 97 97 0 33 0 65 0 65 65 65 65 0 180 180 180 180 180 180 180 180 180 180 180 180 180 0 0 87 0 87 0 0 232 232 232 0 200 200 200 0 0 38 38 0 0 87 87 87 87 87 0 20 0 20 20 20 20 0 86 86 86 0 195 195 195
0 0 53 53 53 53 53 0 0 0 0 14 14 14 0 14 14 14 0 14 14 0 0 0 87 87 87 0 87 87 0 97 97 97 97 97 97 97 0 0 65 65 65 65 0 65 65 0 180 180 180 180 180 180 180 180 180 180 0 0 12 0 87 0 0 0 232 232 232 232 0 0 200 0 96 0 0 0 87 87 87 87 87 87 0 171 0 0 20 20 20 0 206 0 0 0 195 195 195 195
0 53 0 53 53 53 53 53 53 0 14 14 14 14 14 14 14 14 14 14 14 0 14 0 87 87 87 87 87 87 87 0 97 97 97 97 97 97 97 0 65 65 0 0 20 0 0 180 180 180 180 180 180 180 180 180 180 180 180 0 12 12 0 0 232 232 232 232 232 232 232 232 0 96 96 0 87 87 87 87 87 87 87 87 0 171 171 0 20 0 0 206 206 0 206 0 0 195 195 195
53 53 53 53 53 53 53 0 0 11 0 14 14 0 14 0 14 14 14 14 14 14 14 14 0 87 87 87 87 87 0 122 0 97 97 97 97 97 0 0 0 0 20 20 20 0 20 0 180 180 180 180 180 180 180 180 180 180 0 12 12 0 143 143 0 232 232 232 232 232 232 0 96 96 96 96 0 87 87 87 87 87 87 87 0 171 171 171 0 0 0 206 206 206 206 0 206 0 195 195
53 53 53 53 53 53 53 53 0 11 11 0 0 108 0 108 0 0 0 0 14 14 14 0 87 87 87 87 87 87 0 122 122 0 97 97 97 97 97 0 0 20 20 20 20 20 20 0 0 180 180 180 180 180 0 180 0 180 0 12 0 125 0 0 0 232 232 232 232 232 232 232 0 96 96 96 0 87 87 87 87 87 87 87 0 171 171 0 0 206 206 206 206 206 206 206 206 0 195 195
0 53 53 53 53 53 53 53 53 0 11 11 0 108 108 108 0 108 108 108 0 0 0 0 87 87 87 0 87 0 122 122 122 0 97 97 97 0 0 0 20 20 20 20 20 20 20 20 20 0 180 180 180 0 44 0 44 0 0 0 0 125 125 125 0 232 232 232 232 232 232 0 96 96 96 96 96 0 87 0 87 0 87 0 171 171 171 0 206 206 206 206 206 206 206 206 206 0 195 195
0 0 53 53 53 53 53 53 0 11 11 0 108 108 108 0 108 108 108 108 108 108 0 0 0 87 0 0 0 122 122 122 122 122 0 97 97 0 122 122 0 20 20 20 20 20 20 20 20 0 0 180 0 44 44 44 44 44 0 44 0 125 125 125 125 0 232 232 0 232 0 0 96 96 96 96 96 96 0 0 0 0 87 0 171 0 171 0 0 206 206 206 206 206 206 206 206 206 0 195
53 53 53 53 53 53 53 0 0 11 11 11 0 108 108 108 108 108 108 108 108 108 108 0 0 0 2 0 122 122 122 122 122 122 122 0 0 0 0 0 20 0 20 20 20 20 20 20 0 123 0 0 0 44 44 44 44 44 44 44 44 0 125 125 125 0 0 0 0 0 77 0 96 96 96 96 96 96 96 0 152 152 0 0 0 118 0 126 126 0 206 206 0 206 206 206 206 206 206 0
0 53 53 53 53 53 53 53 53 0 0 0 108 108 108 108 108 108 108 108 108 108 0 0 2 2 2 0 122 122 122 122 122 122 122 0 122 0 20 20 20 20 20 20 20 20 20 0 123 123 123 123 123 0 44 44 44 44 44 44 0 0 125 125 0 0 42 0 77 77 77 77 0 96 96 96 96 96 0 0 152 152 152 0 118 118 118 0 126 126 0 206 206 206 206 206 206 0 0 198
53 53 53 53 53 53 53 53 0 0 108 108 108 108 108 108 108 108 108 108 108 108 108 0 0 2 2 0 0 122 122 122 122 122 122 122 122 122 0 0 0 20 20 20 20 20 0 123 123 123 123 123 123 123 0 44 44 44 44 44 44 44 0 0 42 42 42 42 0 77 77 77 77 0 0 96 96 0 233 233 0 0 0 118 118 118 118 118 0 0 206 206 0 206 206 206 206 0 198 198
0 53 53 53 53 0 53 0 44 44 0 108 108 108 108 108 108 108 108 108 108 108 0 243 243 0 0 122 122 122 122 122 122 122 122 122 122 0 231 0 231 0 20 20 20 20 20 0 123 123 123 123 123 0 44 44 44 44 44 44 44 0 0 42 42 42 42 0 77 77 77 77 77 77 0 96 0 233 233 233 0 118 0 118 118 118 118 118 0 149 0 206 0 0 206 0 0 0 198 198
224 0 0 53 0 0 53 0 44 44 44 0 108 0 0 108 108 108 0 0 0 0 78 0 0 201 0 0 0 122 122 122 122 122 122 122 0 231 231 231 231 0 20 20 20 20 20 20 0 123 123 123 0 44 44 44 44 44 44 44 44 44 0 42 42 42 42 42 0 0 77 77 77 77 0 0 233 233 233 0 0 118 118 118 118 118 0 118 0 149 0 0 2 2 0 2 0 2 0 198
224 224 0 0 226 226 0 0 44 44 44 44 0 0 108 108 108 108 108 0 78 78 78 0 201 201 201 0 0 122 122 122 122 122 122 122 122 0 231 231 231 0 20 20 20 20 0 20 20 0 123 0 44 44 44 44 44 44 44 44 44 0 42 42 42 42 42 42 42 42 0 0 77 0 233 233 233 233 0 118 118 118 118 118 118 0 118 0 0 0 2 2 2 2 2 2 2 2 2 0
224 0 226 226 226 226 226 0 44 44 44 44 44 44 0 108 108 108 0 78 78 78 0 201 201 201 201 0 201 0 122 122 122 122 122 122 0 0 231 231 231 231 0 0 20 0 0 0 0 40 0 40 0 44 44 44 44 44 44 44 0 0 0 42 42 42 0 42 0 42 0 0 0 0 233 233 233 233 233 0 0 118 118 118 118 118 118 118 0 2 2 2 2 2 2 0 2 0 0 244
0 20 0 226 226 226 0 0 44 44 44 44 44 44 44 0 108 0 78 78 78 78 0 201 201 201 201 201 201 201 0 122 122 0 0 0 41 0 231 231 231 0 0 0 0 0 33 33 0 40 40 40 40 0 0 44 44 0 0 0 59 59 0 0 42 0 190 0 190 0 190 0 197 197 0 233 233 0 0 118 118 118 118 118 118 118 118 118 118 0 2 2 2 2 2 2 0 0 0 244
0 20 20 0 226 0 44 44 44 44 44 44 44 44 44 0 0 78 78 78 78 0 201 201 201 201 201 201 201 0 0 0 122 0 41 41 41 0 231 231 0 0 0 33 0 33 33 0 33 0 40 40 40 40 0 0 0 59 59 59 59 59 59 0 0 190 190 190 190 190 190 190 0 197 0 233 0 126 0 0 118 118 118 118 118 118 118 0 0 200 0 2 0 2 2 0 0 0 16 0
20 20 0 20 0 44 44 44 44 44 44 44 44 44 0 69 0 78 0 78 78 78 0 0 201 201 201 201 201 201 201 0 0 41 41 0 41 41 0 231 0 33 33 33 33 33 33 33 33 0 0 40 40 0 59 59 59 59 59 59 59 59 0 59 0 190 190 190 190 190 190 190 190 0 24 0 0 126 0 118 118 118 118 118 118 118 118 0 0 200 200 0 2 2 0 16 0 16 16 16
20 20 20 20 20 0 44 44 44 44 44 44 44 0 69 69 69 0 69 0 78 0 0 201 201 201 201 201 201 201 201 201 0 41 0 231 0 0 0 0 0 33 0 33 33 33 33 33 33 33 33 0 0 0 0 0 59 59 59 59 59 0 59 59 0 190 190 190 190 190 190 0 0 24 24 0 126 126 126 0 118 118 118 0 118 118 0 0 200 200 200 200 0 2 0 16 16 0 16 16
20 20 20 20 20 20 0 0 44 44 44 44 44 0 0 69 69 69 69 69 0 0 0 201 201 201 201 201 201 201 201 0 0 0 0 231 0 231 0 0 0 33 33 33 33 33 33 33 33 33 33 33 33 0 16 16 0 59 59 59 59 59 59 0 0 0 190 190 190 190 0 190 0 24 24 0 126 126 126 126 0 118 0 0 0 0 200 200 200 200 200 200 200 0 16 16 16 16 16 16
20 20 20 20 20 20 20 20 0 44 44 44 0 69 69 69 69 69 69 69 0 0 201 201 201 201 201 201 201 201 201 201 0 231 231 231 231 231 231 0 33 33 33 33 33 33 33 33 33 33 33 0 0 16 16 0 59 59 59 59 59 59 0 126 0 126 0 190 190 190 190 190 190 0 0 126 126 126 126 126 126 0 126 0 0 0 200 200 200 200 200 200 200 0 16 16 0 16 16 16
20 20 20 20 20 20 20 0 0 44 44 0 69 69 69 69 69 69 69 69 69 0 0 201 0 201 201 201 201 201 201 0 231 231 231 231 231 231 0 33 33 33 33 33 33 33 33 33 33 33 33 33 0 16 16 0 59 59 59 59 59 0 126 126 126 126 126 0 190 190 190 190 190 0 126 126 126 126 126 126 126 126 126 0 0 200 200 200 200 200 200 200 200 200 0 0 2 0 16 16
20 20 20 20 20 20 0 227 0 0 44 0 0 69 69 69 69 69 69 69 69 69 0 0 201 201 0 0 201 201 0 231 0 231 231 231 231 231 231 0 33 33 33 33 33 33 33 33 33 33 0 0 16 16 16 16 0 59 59 59 59 0 0 126 126 126 126 0 190 190 190 190 0 0 126 126 126 126 126 126 126 126 126 126 126 0 200 200 200 200 0 200 200 200 0 2 2 2 0 0
20 20 20 20 20 0 227 227 0 0 0 69 69 69 69 69 69 69 69 69 69 69 69 0 0 201 0 0 201 0 231 231 231 231 231 231 231 231 231 231 0 0 33 33 33 0 33 33 33 0 0 16 16 16 16 16 0 59 59 59 0 161 0 126 126 126 126 126 0 190 190 190 0 126 126 126 126 126 126 126 126 126 126 126 0 0 200 0 200 0 211 0 200 0 2 2 2 2 2 0
20 20 20 0 0 227 227 227 227 0 69 69 69 69 69 69 69 69 69 69 69 69 0 0 0 0 0 59 0 59 0 231 231 231 231 231 231 231 231 0 0 0 0 33 33 33 0 33 0 0 16 16 16 0 16 16 16 0 59 0 161 161 161 0 126 126 126 126 126 0 190 0 251 0 126 126 126 0 126 126 126 126 0 0 0 169 0 0 0 211 211 211 0 0 2 2 2 2 2 2
20 20 0 227 227 0 227 227 227 227 0 69 69 69 69 69 69 69 69 69 69 69 69 69 0 0 59 59 59 59 59 0 231 231 231 231 231 231 0 47 47 47 0 0 0 0 74 0 74 74 0 16 0 168 0 16 16 16 0 161 0 161 0 161 0 126 126 126 0 163 0 0 251 251 0 126 0 162 0 126 0 0 169 169 169 169 169 0 211 211 211 0 2 2 2 2 2 2 2 2
0 0 227 227 227 227 227 227 227 227 227 0 0 69 69 69 69 69 69 69 69 69 69 0 59 59 59 59 59 59 59 0 231 231 231 231 231 0 0 47 47 47 47 47 47 0 74 74 74 0 168 0 168 168 168 0 16 0 161 161 161 161 161 161 0 0 126 0 163 163 163 163 0 251 251 0 162 162 162 0 162 162 0 169 169 169 0 211 211 211 211 211 0 0 2 2 2 2 2 2
227 0 227 227 227 227 227 227 227 227 0 69 69 69 69 69 69 69 69 0 69 0 0 59 59 59 59 59 59 59 59 59 0 0 0 231 0 51 0 47 47 47 47 47 47 0 74 74 74 0 168 168 0 168 168 168 0 0 161 161 161 161 161 161 161 161 0 163 163 163 163 163 163 0 0 162 162 162 162 162 162 0 169 169 169 169 169 0 211 211 211 211 0 2 2 2 2 2 2 2
227 227 227 227 227 227 227 227 227 227 0 0 0 69 69 69 69 69 69 69 0 67 67 0 59 59 59 59 59 59 59 59 0 225 225 0 51 51 0 47 47 47 47 47 47 47 0 74 0 168 168 168 168 168 168 0 161 161 161 161 161 161 161 161 161 0 0 163 163 163 163 163 163 163 163 0 0 162 162 162 162 162 0 169 169 169 0 211 211 211 211 211 211 0 2 2 2 2 2 2
227 227 227 227 227 227 227 227 227 227 0 0 0 69 0 0 69 69 0 0 67 67 67 67 0 59 59 59 59 59 59 0 0 225 225 225 0 0 47 47 47 47 47 47 47 47 0 0 168 168 168 168 168 168 168 0 161 161 161 161 161 161 161 161 161 161 161 0 163 163 163 163 163 163 0 0 130 0 162 162 162 162 162 0 169 0 211 211 211 211 211 0 211 211 0 2 2 2 2 0
0 227 227 227 227 227 227 227 227 227 227 0 0 0 30 30 0 69 0 30 0 0 67 67 0 59 59 59 59 59 0 225 225 225 225 0 47 47 47 47 47 47 47 47 47 0 0 0 0 168 168 0 168 168 0 161 161 161 161 161 161 161 161 161 161 0 0 0 163 163 163 163 0 0 0 130 130 0 162 162 0 162 0 56 0 0 211 0 211 211 0 160 0 0 0 0 2 0 0 0
227 227 227 227 227 227 0 227 227 227 0 0 0 30 30 30 30 0 30 30 0 66 0 67 0 59 59 59 59 0 225 225 225 225 225 225 0 0 47 0 47 47 47 0 0 0 89 0 0 0 0 130 0 168 168 0 161 161 161 161 161 161 161 161 161 161 0 163 163 163 163 0 0 0 130 0 130 130 0 0 0 0 56 56 0 211 211 211 211 0 160 160 160 160 0 0 0 248 248 248
0 227 0 227 0 0 227 227 227 0 0 0 30 0 30 0 30 30 30 0 0 66 66 0 0 59 59 59 59 59 0 225 225 225 225 225 225 225 0 47 47 47 47 47 0 89 89 89 0 0 0 130 0 168 0 0 161 0 0 161 161 161 161 161 161 0 162 0 163 163 0 205 0 130 130 130 130 130 0 0 130 0 0 56 56 0 211 0 0 160 160 160 160 0 160 0 248 248 248 248
0 0 141 0 141 0 227 227 227 0 0 30 30 30 30 30 30 30 0 66 0 66 66 0 59 59 59 59 59 0 225 225 225 225 225 225 225 225 225 0 0 47 47 0 89 89 89 89 0 0 130 130 130 0 130 0 0 0 161 161 161 161 161 0 161 0 162 162 0 0 205 205 205 0 130 0 130 130 130 130 130 130 130 0 56 56 0 160 160 160 160 160 160 160 160 160 0 248 248 248
0 141 141 141 141 141 0 227 0 202 202 0 30 30 30 0 30 0 66 66 66 66 66 66 0 0 59 59 59 59 0 0 225 225 225 225 225 225 225 0 47 47 0 89 89 89 0 89 0 130 130 130 130 130 130 130 0 0 0 0 161 161 161 0 0 162 162 162 162 0 205 0 205 0 0 130 130 0 130 130 130 130 130 130 0 0 160 160 160 160 160 160 160 160 160 160 0 248 248 248
0 0 0 141 141 141 141 0 202 202 202 202 0 30 0 38 0 0 66 66 66 66 66 66 66 66 0 59 0 0 49 49 0 225 0 225 225 225 225 0 0 47 0 89 89 0 229 0 0 130 130 130 130 130 130 130 0 0 0 161 161 161 0 179 0 162 162 162 0 0 0 107 0 130 130 130 130 130 130 130 130 130 130 0 130 0 160 160 160 160 160 160 160 160 160 160 160 0 248 248
0 141 141 141 141 141 141 141 0 202 202 202 202 0 38 38 0 66 66 66 66 66 66 66 66 66 0 0 49 49 49 49 49 0 0 225 0 225 0 221 221 0 0 89 0 229 229 0 130 130 130 130 130 130 130 0 0 192 192 0 161 0 179 179 179 0 162 0 0 0 107 107 107 0 0 130 130 130 130 130 130 130 130 130 130 130 0 160 160 160 160 160 160 160 160 160 160 160 0 248
254 0 0 141 141 141 141 141 141 0 202 202 0 38 0 38 0 66 66 66 66 66 66 66 66 66 66 0 49 49 49 49 0 154 0 0 0 0 16 0 0 16 16 0 229 229 229 229 0 130 130 130 130 130 130 130 0 192 192 192 0 179 179 179 179 0 162 0 0 107 0 107 107 107 107 0 130 130 130 130 130 130 130 0 130 0 160 160 160 160 160 160 160 160 160 160 0 0 0 248
254 254 254 0 0 141 141 141 0 202 202 0 38 38 38 38 38 0 66 66 66 66 66 66 66 0 66 0 49 49 49 0 0 154 154 0 16 16 16 16 16 16 16 0 229 229 229 229 229 0 130 130 130 130 0 0 192 192 192 192 0 0 179 179 179 179 0 0 107 107 107 107 107 0 107 107 0 130 130 0 130 130 130 130 0 160 160 160 160 160 160 160 160 160 160 0 14 14 14 0
254 254 0 0 130 0 141 0 0 0 0 38 38 38 38 38 38 38 0 66 0 66 66 66 66 66 0 49 49 49 0 154 154 154 0 0 16 16 16 16 16 16 16 0 229 229 229 229 229 0 130 130 0 130 130 130 0 192 192 0 179 179 179 179 179 179 179 179 0 107 107 107 107 107 107 107 107 0 130 130 130 130 0 0 53 0 160 160 160 160 160 160 160 160 160 0 14 0 0 193
254 0 130 130 130 130 0 130 0 38 38 38 38 38 38 38 38 0 66 66 66 66 66 66 0 0 49 49 49 0 154 154 154 154 154 154 0 16 16 16 16 16 0 229 229 229 229 229 229 229 0 0 130 130 130 0 192 192 192 192 0 0 179 179 179 179 179 179 0 0 107 107 107 107 107 107 0 0 130 0 0 0 53 53 53 53 0 0 160 160 160 160 0 160 0 0 0 163 0 193
254 254 0 130 130 130 130 130 130 0 38 38 38 38 38 38 0 66 66 66 66 66 66 66 66 66 0 49 0 0 154 154 154 154 154 0 129 0 16 16 16 16 0 229 229 229 229 229 229 229 229 0 0 130 0 192 192 192 192 192 192 0 179 0 179 179 179 0 107 107 107 107 107 107 107 107 107 107 0 53 53 53 53 53 53 53 53 0 160 160 160 160 160 0 0 0 0 163 163 0
0 0 130 130 130 130 130 130 0 38 0 38 38 38 38 38 38 0 0 66 66 66 66 66 66 0 0 0 154 154 154 154 154 154 154 0 129 0 0 16 16 16 16 0 229 0 229 229 229 229 0 0 0 0 192 192 192 192 192 192 192 192 0 179 179 179 179 0 0 107 107 107 107 107 107 107 107 0 0 0 0 53 53 53 0 53 53 0 0 160 160 160 0 22 0 163 163 163 163 163
229 0 0 130 130 130 130 130 0 38 38 38 38 38 38 38 38 38 38 0 66 0 66 66 0 58 58 0 0 154 154 154 154 154 0 129 129 129 129 0 16 16 16 16 0 229 229 229 0 229 0 0 7 0 192 192 192 192 192 192 192 0 215 0 0 0 179 0 107 107 107 107 107 107 107 107 107 0 0 73 73 0 0 0 83 0 53 53 0 0 160 0 22 22 0 163 163 163 163 163
229 0 130 130 130 130 130 130 130 0 38 38 38 38 38 0 38 38 38 0 0 0 66 0 58 58 58 58 0 0 154 154 154 154 0 129 129 129 129 129 0 16 16 0 211 0 0 229 0 0 7 0 7 7 0 192 192 192 192 192 0 215 215 215 215 215 0 191 0 107 107 107 0 107 107 0 0 73 73 73 73 0 83 83 83 83 0 0 0 0 0 22 22 0 163 163 163 163 163 163
229 229 0 130 130 130 130 130 130 130 0 38 38 38 0 173 0 38 38 38 0 0 0 58 58 58 58 0 0 0 154 154 0 0 129 129 129 129 0 0 16 16 0 211 211 211 211 0 211 0 7 7 7 7 0 192 192 192 192 192 0 215 215 215 215 215 0 191 0 0 107 0 107 107 0 73 73 73 73 73 0 73 0 0 83 83 0 0 0 145 145 0 22 22 0 0 163 163 163 163
0 229 229 0 130 130 130 130 0 130 0 0 38 0 173 173 173 0 38 0 0 58 58 58 58 58 0 174 174 0 0 0 129 129 129 129 129 129 129 0 16 16 0 211 211 211 211 211 211 211 0 7 7 7 7 0 192 192 192 192 0 215 215 215 215 215 215 0 153 153 0 153 0 107 0 73 73 73 73 73 73 73 73 0 83 0 0 145 145 145 145 145 0 0 163 163 163 163 163 163
42 0 229 0 130 130 0 0 116 0 116 0 0 173 0 173 0 0 0 218 218 0 58 58 58 0 174 174 174 0 174 174 0 129 129 129 129 129 129 129 0 0 211 211 211 211 211 211 211 211 0 7 7 7 7 7 0 0 192 0 0 0 215 215 215 215 215 0 0 153 153 153 153 0 73 73 73 73 73 73 73 73 73 73 0 0 0 0 145 145 145 145 145 0 0 163 0 163 163 163
42 42 0 0 0 130 0 116 116 116 116 0 173 173 173 173 173 173 173 0 218 218 0 0 58 0 0 174 174 174 174 0 0 129 129 129 129 129 129 0 177 177 0 211 211 211 211 211 211 211 211 0 7 7 0 7 0 204 0 0 0 202 0 215 215 215 0 153 153 153 153 153 153 153 0 73 73 73 73 73 0 73 0 0 0 255 0 145 145 145 145 145 145 145 145 0 163 163 163 163
42 0 42 42 0 0 116 116 116 116 0 173 173 173 173 173 173 173 173 173 0 218 218 218 0 0 0 174 174 174 174 174 174 0 0 129 129 129 129 0 0 0 211 211 211 211 211 211 211 211 0 0 7 7 7 7 0 204 204 0 202 202 202 0 215 0 153 153 153 153 153 153 153 0 73 73 73 73 73 73 73 73 0 255 255 255 0 0 145 145 145 145 145 0 145 145 0 163 163 163
42 42 42 42 0 116 116 0 116 116 116 0 173 173 173 173 173 173 173 173 0 218 218 218 218 0 27 0 174 174 174 174 174 174 0 129 129 0 0 0 211 211 211 211 211 211 211 211 211 211 211 211 0 7 0 0 204 204 0 202 0 202 0 202 0 0 0 153 153 153 153 153 153 153 0 73 73 73 73 73 0 0 255 255 255 255 255 0 145 145 0 145 145 145 0 0 0 0 163 0
42 42 42 42 0 116 116 116 0 116 0 173 0 173 173 173 173 173 173 0 0 218 218 218 0 27 27 27 0 174 174 174 174 174 174 0 129 0 121 0 0 211 0 211 211 211 211 211 211 211 211 0 0 7 0 204 204 0 202 202 202 202 202 202 202 0 0 0 153 0 153 153 153 153 153 0 73 0 73 0 255 255 255 255 0 255 0 161 0 0 0 0 145 0 0 73 0 0 0 47
42 42 42 42 42 0 116 0 96 0 173 173 173 173 173 173 173 173 173 173 173 0 218 0 27 27 27 27 0 174 174 174 174 174 174 174 0 121 121 121 121 0 211 211 211 211 211 211 211 211 211 0 0 0 204 204 204 204 0 202 202 202 202 202 202 202 0 0 0 153 153 153 153 0 0 171 0 0 0 255 255 255 0 0 178 0 161 161 161 161 0 0 0 73 73 73 73 0 47 47
42 42 42 0 42 0 0 96 96 96 0 173 173 173 173 173 173 173 173 173 173 173 0 0 0 27 27 0 27 0 174 174 174 174 174 174 0 0 121 121 121 121 0 0 211 211 211 211 211 211 0 39 0 204 204 204 0 0 202 202 202 202 202 202 202 202 202 0 0 0 153 153 0 171 171 171 171 0 171 0 255 0 178 0 178 178 0 161 161 0 250 250 250 0 73 73 0 47 47 47
42 42 42 42 42 42 0 96 96 0 173 173 173 173 173 173 173 173 173 173 173 173 0 27 27 27 27 27 27 27 0 0 174 0 174 0 121 121 121 121 121 121 121 0 211 211 211 211 0 0 39 39 39 0 204 0 202 202 202 202 202 202 202 202 202 202 202 202 0 0 0 0 171 171 171 171 171 171 171 0 0 178 178 178 178 178 0 161 0 250 250 250 250 0 73 0 47 47 47 47
42 42 42 0 0 0 0 96 96 96 0 0 0 173 173 173 173 173 173 173 173 0 27 27 27 27 27 27 27 27 27 27 0 0 0 222 0 121 121 121 121 0 121 121 0 211 0 0 81 0 39 39 39 39 0 0 0 0 202 202 202 202 202 202 202 202 0 0 218 218 0 171 171 171 171 171 171 171 171 171 171 0 178 178 178 178 178 0 250 0 250 250 250 250 0 47 47 47 47 47
42 42 42 42 0 109 109 0 0 96 96 96 0 0 173 173 173 173 173 173 0 13 0 27 27 27 27 27 27 0 27 0 0 222 222 222 222 0 121 121 121 0 121 0 0 0 191 0 81 81 0 39 39 0 0 225 0 0 202 0 202 202 202 202 202 202 0 218 218 218 218 0 171 171 171 171 171 171 171 171 0 178 178 178 178 178 0 250 250 250 250 250 250 250 0 47 47 47 47 47
42 42 42 0 109 109 109 0 228 0 96 0 137 137 0 0 173 173 0 0 13 13 13 0 27 27 27 27 0 0 0 222 222 0 222 222 222 222 0 121 0 0 0 191 191 0 191 191 0 81 81 0 39 0 225 225 225 225 0 202 202 202 202 202 0 0 218 218 218 218 218 0 171 171 171 171 171 171 171 171 171 0 178 178 178 178 178 0 250 250 250 250 250 250 250 0 47 47 47 0
42 42 0 109 109 109 0 228 228 0 0 137 137 137 137 0 0 0 90 0 13 13 13 0 27 27 27 0 0 0 222 222 222 222 222 222 222 222 222 0 0 0 191 191 191 191 191 191 191 0 81 81 0 225 225 225 225 225 0 202 202 202 202 0 0 218 218 218 218 218 0 171 171 171 171 171 171 171 0 0 0 178 178 178 178 178 178 178 0 250 250 250 250 250 0 0 0 47 47 47
42 0 0 109 109 0 228 228 228 228 228 0 0 0 0 90 90 90 90 90 0 13 13 13 0 0 0 101 101 101 0 222 222 222 222 222 222 222 222 222 0 191 191 191 191 191 191 191 0 0 81 0 0 0 225 225 225 225 225 0 0 202 0 58 0 0 218 218 218 218 218 0 171 171 171 171 171 171 171 0 178 178 178 178 178 178 178 178 0 0 0 0 250 0 0 0 204 0 47 0
0 0 116 0 109 0 0 0 228 228 228 0 90 90 90 90 90 90 90 90 90 0 13 0 0 150 0 101 101 101 101 0 222 222 222 222 222 222 222 222 222 0 191 191 191 191 191 191 191 191 0 0 0 225 225 225 225 225 225 225 0 0 58 58 58 0 0 218 218 0 0 0 171 171 171 171 171 0 0 178 178 178 0 0 178 178 178 178 178 178 0 83 0 0 0 204 204 204 0 0
0 116 116 0 0 116 0 228 228 228 0 0 90 90 90 90 90 90 90 0 0 0 0 150 150 150 150 0 101 101 101 101 0 222 222 222 222 222 222 222 0 191 0 191 191 191 191 191 191 191 191 0 225 225 225 225 225 225 0 0 0 58 58 58 58 58 0 218 0 182 182 0 171 0 0 171 0 182 0 178 178 0 219 219 0 0 0 178 178 0 83 83 83 0 204 204 204 204 0 204
0 116 116 116 116 116 116 0 228 0 90 90 90 90 90 90 90 90 90 90 90 90 0 0 150 150 150 0 101 101 101 0 0 0 222 222 222 222 222 0 191 191 191 191 191 191 191 191 191 191 191 191 0 225 225 225 225 225 225 225 0 58 58 58 58 58 0 0 182 182 182 182 0 0 0 0 182 182 182 0 178 0 219 219 219 219 219 0 0 83 83 83 83 0 204 204 204 204 204 204
0 116 116 116 116 116 0 0 0 228 0 0 90 90 90 90 90 90 90 90 90 90 90 0 0 150 0 124 0 101 0 230 0 230 0 0 222 222 222 0 0 191 191 191 191 191 191 191 191 191 191 191 0 0 225 225 225 225 0 0 58 58 58 58 58 58 0 58 0 182 182 182 182 182 0 0 0 182 182 182 0 219 219 219 219 219 219 219 0 0 83 83 83 83 0 204 204 204 204 204
0 0 116 116 116 0 0 228 228 228 228 228 0 90 90 90 90 90 90 0 90 0 0 124 0 0 124 124 124 0 230 230 230 230 0 230 0 222 222 0 0 0 191 191 191 191 191 191 191 0 0 191 0 0 225 225 225 0 0 0 58 58 58 58 58 58 58 58 58 0 182 182 182 0 25 0 9 0 0 0 0 219 219 219 219 219 219 219 219 0 83 83 83 0 0 0 204 204 204 0
0 116 116 116 116 116 0 228 228 228 228 228 0 0 90 90 90 90 90 90 0 124 124 124 124 124 0 124 0 124 0 230 230 230 230 230 230 0 0 0 0 0 0 191 191 191 191 191 191 191 0 0 0 222 0 0 225 0 0 58 0 58 58 58 58 58 58 0 0 25 0 0 0 25 25 0 9 9 9 9 0 219 219 219 219 219 219 219 219 219 0 83 0 229 229 229 0 204 0 89
218 0 116 116 0 0 142 0 228 228 228 0 90 90 90 90 90 0 90 0 124 124 124 124 124 0 124 124 124 124 124 0 230 230 230 230 230 0 150 0 150 0 191 191 191 191 191 191 191 0 0 0 222 222 0 222 0 0 58 58 58 58 58 58 58 58 58 58 0 25 25 25 25 25 0 9 9 9 9 9 0 0 219 219 219 219 219 219 219 219 219 0 229 229 229 229 0 0 89 89
218 218 0 0 142 142 142 142 0 228 228 228 0 90 0 90 90 90 0 0 124 124 124 124 124 124 124 124 124 124 0 230 230 230 230 230 0 150 150 0 150 150 0 0 191 0 191 0 0 0 0 222 0 222 222 222 222 0 58 58 58 58 58 58 58 58 58 58 58 0 25 25 25 0 9 9 9 9 9 9 0 110 0 219 219 219 219 219 219 0 0 0 229 229 229 229 229 229 0 89
218 218 0 142 142 142 142 0 142 0 228 228 228 0 0 90 90 0 124 124 124 124 124 124 124 124 124 124 124 124 0 230 230 230 230 0 150 150 150 150 150 150 150 0 0 106 0 106 106 0 222 222 222 222 222 222 222 222 0 58 58 58 58 58 58 58 58 58 58 58 0 0 0 9 0 9 9 9 9 0 110 110 110 0 219 219 219 219 219 0 0 0 229 229 229 229 229 0 89 89
218 218 0 142 142 142 142 142 142 142 0 0 0 154 154 0 90 0 0 124 124 124 124 124 124 124 124 124 124 124 0 0 230 230 230 0 150 150 150 150 150 150 150 150 0 106 106 106 106 106 0 0 222 222 222 222 222 0 0 58 58 58 58 58 58 58 58 58 58 0 0 9 9 9 9 9 9 9 0 110 110 110 110 110 0 219 219 219 0 217 217 217 0 0 0 229 0 89 89 89
218 0 142 142 142 142 142 142 142 142 142 142 142 0 154 154 0 38 38 0 124 124 124 124 124 124 124 124 124 124 124 124 0 230 0 150 150 150 150 150 150 150 150 150 0 106 106 106 106 106 106 0 222 222 222 222 0 156 156 0 58 58 58 58 58 58 58 58 0 0 9 9 9 9 9 9 9 9 9 0 110 110 110 110 110 0 0 0 217 217 217 0 89 89 89 0 89 89 89 89
0 142 142 142 142 142 142 142 142 142 142 0 0 0 0 0 38 38 38 38 0 124 0 124 124 124 124 124 124 124 124 0 0 0 150 150 150 150 150 150 150 150 150 150 0 106 106 106 106 106 106 106 0 0 222 222 0 156 0 98 0 58 0 58 58 0 58 0 29 29 0 9 9 9 9 9 9 9 0 110 110 110 110 110 110 0 217 217 217 217 0 89 89 89 89 89 89 89 89 89
142 142 142 142 142 142 142 142 142 142 142 142 0 0 38 38 38 38 38 38 38 0 124 124 124 124 124 124 124 0 0 0 0 150 150 150 150 150 150 150 150 150 150 0 106 106 106 106 106 106 0 106 0 0 222 0 156 156 0 98 0 58 0 0 58 0 0 29 29 29 29 0 0 9 9 9 9 0 110 110 110 110 110 110 0 217 217 217 217 0 89 89 89 89 89 89 89 89 89 89