17 0
0 0
0 0
17 0
17 0


153 -114
199 -114
199 -75
153 -75
153 -114


77 -56
100 -56
100 -37
77 -37
77 -56


52 -37
67 -37
67 -24
52 -24
52 -37


40 -27
51 -27
51 -18
40 -18
40 -27


33 -20
41 -20
41 -13
33 -13
33 -20


28 -16
35 -16
35 -10
28 -10
28 -16


25 -13
31 -13
31 -8
25 -8
25 -13


23 -10
28 -10
28 -6
23 -6
23 -10


21 -8
26 -8
26 -5
21 -5
21 -8


20 -6
24 -6
24 -3
20 -3
20 -6


19 -5
23 -5
23 -2
19 -2
19 -5


19 -4
22 -4
22 -1
19 -1
19 -4


18 -2
21 -2
21 0
18 0
18 -2


18 -1
20 -1
20 1
18 1
18 -1


18 0
20 0
20 2
18 2
18 0


18 1
19 1
19 2
18 2
18 1


17 2
19 2
19 3
17 3
17 2


17 3
19 3
19 4
17 4
17 3


18 3
19 3
19 5
18 5
18 3


18 4
19 4
19 5
18 5
18 4


18 5
19 5
19 6
18 6
18 5


18 6
19 6
19 7
18 7
18 6


18 7
19 7
19 7
18 7
18 7


18 7
19 7
19 8
18 8
18 7


19 8
19 8
19 9
19 9
19 8


19 9
20 9
20 9
19 9
19 9


19 9
20 9
20 10
19 10
19 9


19 10
20 10
20 10
19 10
19 10


20 11
20 11
20 11
20 11
20 11


20 11
21 11
21 12
20 12
20 11


20 12
21 12
21 12
20 12
20 12


21 12
21 12
21 13
21 13
21 12


21 13
22 13
22 13
21 13
21 13


21 14
22 14
22 14
21 14
21 14


22 14
22 14
22 14
22 14
22 14


22 15
23 15
23 15
22 15
22 15


23 15
23 15
23 15
23 15
23 15


23 16
23 16
23 16
23 16
23 16


23 17
24 17
24 17
23 17
23 17


24 17
24 17
24 17
24 17
24 17


24 18
24 18
24 18
24 18
24 18


25 18
25 18
25 18
25 18
25 18


25 19
25 19
25 19
25 19
25 19


25 19
26 19
26 19
25 19
25 19


26 20
26 20
26 20
26 20
26 20


26 21
26 21
26 20
26 20
26 21


27 21
27 21
27 21
27 21
27 21


27 22
27 22
27 21
27 21
27 22


28 22
28 22
28 22
28 22
28 22


28 23
28 23
28 23
28 23
28 23


28 23
28 23
28 23
28 23
28 23


29 24
29 24
29 24
29 24
29 24


29 24
29 24
29 24
29 24
29 24


30 25
30 25
30 25
30 25
30 25


30 25
30 25
30 25
30 25
30 25


31 26
31 26
31 26
31 26
31 26


31 26
31 26
31 26
31 26
31 26


32 27
31 27
31 27
32 27
32 27


32 28
32 28
32 27
32 27
32 28


33 28
32 28
32 28
33 28
33 28


33 29
33 29
33 28
33 28
33 29


33 29
33 29
33 29
33 29
33 29


34 30
34 30
34 29
34 29
34 30


34 30
34 30
34 30
34 30
34 30


35 31
35 31
35 30
35 30
35 31


35 31
35 31
35 31
35 31
35 31


36 32
35 32
35 31
36 31
36 32


36 32
36 32
36 32
36 32
36 32


37 33
36 33
36 32
37 32
37 33


37 33
37 33
37 33
37 33
37 33


38 34
37 34
37 33
38 33
38 34


38 34
38 34
38 34
38 34
38 34


39 35
38 35
38 34
39 34
39 35


39 35
39 35
39 35
39 35
39 35


40 36
39 36
39 36
40 36
40 36


40 36
40 36
40 36
40 36
40 36


40 37
40 37
40 37
40 37
40 37


41 38
41 38
41 37
41 37
41 38


41 38
41 38
41 38
41 38
41 38


42 39
41 39
41 38
42 38
42 39


42 39
42 39
42 39
42 39
42 39


43 40
42 40
42 39
43 39
43 40


43 40
43 40
43 40
43 40
43 40


44 41
43 41
43 40
44 40
44 41


44 41
44 41
44 41
44 41
44 41


45 42
44 42
44 41
45 41
45 42


45 42
45 42
45 42
45 42
45 42


46 43
45 43
45 42
46 42
46 43


46 43
46 43
46 43
46 43
46 43


47 44
46 44
46 43
47 43
47 44


47 44
47 44
47 44
47 44
47 44


48 45
47 45
47 44
48 44
48 45


48 45
48 45
48 45
48 45
48 45


49 46
48 46
48 45
49 45
49 46


49 46
49 46
49 46
49 46
49 46


50 47
49 47
49 46
50 46
50 47


50 47
50 47
50 47
50 47
50 47


51 48
50 48
50 47
51 47
51 48


51 48
51 48
51 48
51 48
51 48


52 49
51 49
51 48
52 48
52 49


52 49
51 49
51 49
52 49
52 49


52 50
52 50
52 49
52 49
52 50


53 50
52 50
52 50
53 50
53 50


53 51
53 51
53 50
53 50
53 51


54 51
53 51
53 51
54 51
54 51


54 52
54 52
54 51
54 51
54 52


55 52
54 52
54 52
55 52
55 52


55 53
55 53
55 52
55 52
55 53


56 53
55 53
55 53
56 53
56 53


56 54
56 54
56 53
56 53
56 54


57 54
56 54
56 54
57 54
57 54


57 55
57 55
57 54
57 54
57 55


58 55
57 55
57 55
58 55
58 55


58 56
58 56
58 55
58 55
58 56


59 57
58 57
58 56
59 56
59 57


59 57
59 57
59 56
59 56
59 57


60 58
59 58
59 57
60 57
60 58


60 58
60 58
60 57
60 57
60 58


61 59
60 59
60 58
61 58
61 59


61 59
61 59
61 58
61 58
61 59


62 60
61 60
61 59
62 59
62 60


62 60
62 60
62 59
62 59
62 60


63 61
62 61
62 60
63 60
63 61


63 61
63 61
63 60
63 60
63 61


64 62
63 62
63 61
64 61
64 62


64 62
64 62
64 61
64 61
64 62


65 63
64 63
64 62
65 62
65 63


65 63
65 63
65 62
65 62
65 63


66 64
65 64
65 63
66 63
66 64


66 64
66 64
66 63
66 63
66 64


67 65
66 65
66 64
67 64
67 65


67 65
67 65
67 64
67 64
67 65


68 66
67 66
67 65
68 65
68 66


68 66
67 66
67 65
68 65
68 66


69 67
68 67
68 66
69 66
69 67


69 67
68 67
68 66
69 66
69 67


70 68
69 68
69 67
70 67
70 68


70 68
69 68
69 67
70 67
70 68


71 69
70 69
70 68
71 68
71 69


71 69
70 69
70 68
71 68
71 69


72 70
71 70
71 69
72 69
72 70


72 70
71 70
71 69
72 69
72 70


73 71
72 71
72 70
73 70
73 71


73 71
72 71
72 70
73 70
73 71


74 72
73 72
73 71
74 71
74 72


74 72
73 72
73 71
74 71
74 72


75 73
74 73
74 72
75 72
75 73


75 73
74 73
74 72
75 72
75 73


76 74
75 74
75 73
76 73
76 74


76 74
75 74
75 74
76 74
76 74


77 75
76 75
76 74
77 74
77 75


77 75
76 75
76 75
77 75
77 75


77 76
77 76
77 75
77 75
77 76


78 76
77 76
77 76
78 76
78 76


78 77
78 77
78 76
78 76
78 77


79 77
78 77
78 77
79 77
79 77


79 78
79 78
79 77
79 77
79 78


80 78
79 78
79 78
80 78
80 78


80 79
80 79
80 78
80 78
80 79


81 79
80 79
80 79
81 79
81 79


81 80
81 80
81 79
81 79
81 80


82 80
81 80
81 80
82 80
82 80


82 81
82 81
82 80
82 80
82 81


83 81
82 81
82 81
83 81
83 81


83 82
83 82
83 81
83 81
83 82


84 82
83 82
83 82
84 82
84 82


84 83
84 83
84 82
84 82
84 83


85 83
84 83
84 83
85 83
85 83


85 84
85 84
85 83
85 83
85 84


86 84
85 84
85 84
86 84
86 84


86 85
86 85
86 84
86 84
86 85


87 85
86 85
86 85
87 85
87 85


87 86
87 86
87 85
87 85
87 86


88 86
87 86
87 86
88 86
88 86


88 87
88 87
88 86
88 86
88 87


89 87
88 87
88 87
89 87
89 87


89 88
89 88
89 87
89 87
89 88


90 88
89 88
89 88
90 88
90 88


90 89
90 89
90 88
90 88
90 89


91 89
90 89
90 89
91 89
91 89


91 90
91 90
91 89
91 89
91 90


92 90
91 90
91 90
92 90
92 90


92 91
92 91
92 90
92 90
92 91


93 91
92 91
92 91
93 91
93 91


93 92
93 92
93 91
93 91
93 92


94 92
93 92
93 92
94 92
94 92


94 93
94 93
94 92
94 92
94 93


95 93
94 93
94 93
95 93
95 93


95 94
95 94
95 93
95 93
95 94


96 94
95 94
95 94
96 94
96 94


96 95
96 95
96 94
96 94
96 95


97 95
96 95
96 95
97 95
97 95


97 96
97 96
97 95
97 95
97 96


98 96
97 96
97 96
98 96
98 96


98 97
98 97
98 96
98 96
98 97


99 97
98 97
98 97
99 97
99 97


99 98
99 98
99 97
99 97
99 98


100 98
99 98
99 98
100 98
100 98


100 99
100 99
100 98
100 98
100 99


101 99
100 99
100 99
101 99
101 99


101 100
100 100
100 99
101 99
101 100


102 100
101 100
101 100
102 100
102 100


102 101
101 101
101 100
102 100
102 101


103 101
102 101
102 101
103 101
103 101


103 102
102 102
102 101
103 101
103 102


104 102
103 102
103 102
104 102
104 102


104 103
103 103
103 102
104 102
104 103


105 103
104 103
104 103
105 103
105 103


105 104
104 104
104 103
105 103
105 104


106 104
105 104
105 104
106 104
106 104


106 105
105 105
105 104
106 104
106 105


107 105
106 105
106 105
107 105
107 105


107 106
106 106
106 105
107 105
107 106


108 106
107 106
107 106
108 106
108 106


108 107
107 107
107 106
108 106
108 107


109 107
108 107
108 107
109 107
109 107


109 108
108 108
108 107
109 107
109 108


110 108
109 108
109 108
110 108
110 108


110 109
109 109
109 108
110 108
110 109


111 109
110 109
110 109
111 109
111 109


111 110
110 110
110 109
111 109
111 110


112 110
111 110
111 110
112 110
112 110


112 111
111 111
111 110
112 110
112 111


113 111
112 111
112 111
113 111
113 111


113 112
112 112
112 111
113 111
113 112


114 112
113 112
113 112
114 112
114 112


114 113
113 113
113 112
114 112
114 113


115 113
114 113
114 113
115 113
115 113


